9.91 22.25 22.74
9.76 22.34 22.62
9.69 22.19 23.03
9.90 22.16 22.91
10.00 22.19 22.78
9.72 22.23 22.84
9.57 22.33 22.65
9.42 22.40 22.47
9.41 22.35 22.58
9.31 22.30 22.72
9.62 22.21 22.95
9.60 22.15 23.10
9.47 22.27 22.78
9.39 22.26 22.80
9.46 22.19 22.97
9.28 22.18 23.01
9.26 22.41 22.44
9.16 22.42 22.49
9.08 22.41 22.51
9.10 22.45 22.32
9.03 22.44 22.30
8.97 22.52 22.24
8.82 22.51 22.28
8.70 22.58 22.29
8.65 22.67 22.14
8.74 22.57 22.25
8.81 22.54 22.17
8.84 22.46 22.36
8.92 22.39 22.46
8.65 22.35 22.56
8.67 22.47 22.42
8.76 22.45 22.37
8.85 22.21 23.24
8.85 22.19 23.37
8.63 22.24 23.21
8.69 22.22 23.31
8.54 22.14 23.34
8.73 22.26 23.09
8.67 22.28 22.96
8.92 22.17 23.11
9.01 22.15 23.15
8.95 22.13 23.22
8.95 22.34 22.77
8.96 22.37 22.67
9.05 22.33 22.72
9.05 22.33 22.72
9.02 22.29 22.82
9.22 22.23 22.83
9.04 22.19 22.95
9.15 22.27 22.73
9.16 22.31 22.62
9.16 22.37 22.56
9.01 22.36 22.60
9.07 22.31 22.64
9.08 22.31 22.65
8.87 22.27 22.84
8.86 22.23 22.93
8.71 22.29 22.79
8.72 22.31 22.69
8.91 22.33 22.58
8.89 22.34 22.65
8.84 22.31 22.56
9.91 22.38 22.48
10.16 22.31 22.25
9.97 22.38 22.32
9.91 22.40 22.20
10.01 22.36 22.16
9.70 22.46 22.27
9.69 22.45 22.35
9.77 22.42 22.41
9.75 22.38 22.55
9.58 22.41 22.49
9.74 22.48 22.10
9.76 22.47 22.02
9.79 22.44 22.29
9.92 22.34 22.57
10.10 22.24 22.65
10.21 22.13 22.71
10.13 22.31 22.43
10.31 22.21 22.35
10.26 22.23 22.41
10.32 22.13 22.57
10.36 22.17 22.38
10.34 22.17 22.46
10.42 22.06 22.54
10.14 22.32 22.05
10.23 22.35 21.80
10.17 22.33 21.88
10.22 22.38 21.69
10.30 22.32 21.72
10.31 22.20 21.99
10.24 22.25 21.94
10.37 22.21 21.82
10.32 22.21 22.17
10.45 22.09 22.09
10.50 22.05 22.30
10.50 22.01 22.41
10.57 21.96 22.28
10.58 21.92 22.21
10.47 22.06 21.84
10.45 22.02 21.94
10.50 21.99 22.03
10.71 21.87 22.02
10.72 21.85 22.03
10.60 21.92 22.03
10.54 21.94 21.92
9.90 22.40 22.01
9.97 22.37 21.96
10.09 22.36 21.83
9.81 22.40 21.89
9.95 22.29 21.81
9.76 22.31 21.73
9.98 22.31 21.64
9.97 22.28 21.75
10.14 22.39 21.57
10.12 22.40 21.64
9.88 22.27 21.77
9.81 22.29 21.67
9.93 22.28 21.54
8.68 22.74 21.76
8.72 22.69 21.80
8.71 22.59 22.02
8.76 22.55 21.88
8.78 22.74 21.53
8.81 22.67 21.57
8.77 22.70 21.63
8.97 22.55 21.69
8.87 22.62 21.61
8.88 22.61 21.63
8.87 22.58 21.72
9.38 22.54 22.11
9.21 22.61 22.02
9.19 22.54 22.20
9.51 22.44 22.41
9.43 22.45 22.36
9.26 22.51 22.28
9.50 22.62 21.85
9.54 22.51 22.18
9.58 22.52 22.02
9.23 22.61 21.94
9.41 22.56 21.94
9.35 22.59 21.81
8.95 22.52 22.14
9.11 22.59 22.08
9.06 22.59 21.97
9.05 22.59 22.00
8.99 22.54 21.97
9.03 22.51 22.20
8.82 22.50 22.02
8.84 22.50 21.93
9.08 22.58 21.89
9.19 22.50 21.79
9.03 22.53 21.81
8.94 22.52 21.87
8.99 22.55 21.94
9.60 22.57 21.83
9.52 22.61 21.77
9.55 22.57 21.71
9.58 22.51 21.66
9.58 22.51 21.66
9.65 22.48 21.74
9.67 22.43 21.64
9.39 22.56 21.66
9.32 22.52 21.65
9.25 22.47 21.70
9.24 22.46 21.74
9.37 22.46 21.51
9.28 22.47 21.56
9.73 22.34 21.61
9.76 22.29 21.51
9.66 22.39 21.47
9.32 22.47 21.40
9.41 22.45 21.44
9.47 22.44 21.47
8.81 22.63 21.50
8.92 22.69 20.97
8.99 22.60 21.03
9.09 22.56 21.18
9.19 22.52 21.15
8.94 22.54 21.10
9.09 22.51 21.66
9.18 22.46 21.71
9.10 22.46 21.59
9.00 22.51 21.62
9.03 22.42 21.58
9.06 22.48 21.39
9.06 22.47 21.42
9.05 22.42 21.51
9.13 22.43 21.52
8.89 22.59 21.55
8.85 22.55 21.48
8.90 22.48 21.51
8.95 22.42 21.55
8.96 22.41 21.56
8.89 22.44 21.43
8.89 22.47 21.33
8.98 22.44 21.41
8.97 22.39 21.49
8.98 22.39 21.49
9.15 22.51 21.32
7.19 23.65 21.31
7.20 23.65 21.30
7.13 23.68 21.39
7.17 23.69 21.21
7.31 23.67 21.14
7.25 23.60 21.19
7.22 23.61 21.23
7.21 23.63 21.26
7.60 23.64 21.04
7.62 23.64 20.95
7.71 23.59 20.99
7.52 23.61 21.11
7.32 23.71 21.03
7.41 23.69 21.03
7.25 23.72 20.96
7.23 23.74 21.03
7.40 23.61 21.16
7.45 23.70 20.96
7.35 23.70 20.92
6.91 23.81 21.20
6.98 23.85 21.07
7.01 23.77 21.21
6.90 23.77 21.31
6.99 23.73 21.36
7.03 23.75 21.22
7.12 23.71 21.19
7.11 23.71 21.27
6.76 23.73 21.27
6.82 23.71 21.40
6.81 23.67 21.48
6.67 23.67 21.37
6.66 23.61 21.42
6.85 23.81 21.13
6.71 23.74 21.11
6.72 23.76 21.02
7.06 23.83 21.02
7.14 23.78 20.98
6.96 23.85 20.97
7.07 23.79 20.93
7.13 23.78 21.06
7.12 23.78 21.07
7.05 23.69 20.81
7.16 23.59 20.81
7.21 23.63 20.89
6.88 23.83 20.95
6.81 23.81 20.94
6.84 23.77 20.87
6.91 23.80 20.89
6.94 23.74 20.83
6.73 23.81 20.91
6.73 23.80 20.91
6.76 23.78 20.85
6.75 23.77 20.84
6.80 23.67 20.81
7.01 23.61 20.74
7.69 23.58 20.82
7.79 23.55 20.88
7.77 23.54 20.78
7.79 23.49 20.77
7.67 23.59 20.81
7.56 23.65 20.83
7.58 23.61 20.77
7.69 23.54 20.75
7.72 23.46 20.75
7.62 23.53 20.75
7.48 23.65 20.81
7.51 23.59 20.76
7.34 23.56 20.79
7.37 23.50 20.74
7.56 23.46 20.74
7.41 23.39 20.72
7.49 23.32 20.50
7.57 23.29 20.55
7.83 23.32 20.27
7.71 23.31 20.29
7.57 23.29 20.19
7.65 23.28 20.22
7.57 23.32 20.36
7.64 23.27 20.40
6.92 23.80 20.16
6.96 23.74 20.20
6.89 23.76 20.26
6.94 23.81 19.99
6.98 23.78 20.10
7.04 23.69 20.08
6.94 23.67 20.23
7.00 23.65 20.17
7.03 23.54 20.14
6.96 23.56 20.20
7.04 23.72 19.97
7.00 23.75 19.85
7.07 23.52 20.07
7.11 23.57 19.98
7.13 23.50 20.01
7.27 23.54 20.77
7.29 23.53 20.70
7.28 23.49 20.62
7.36 23.44 20.67
7.21 23.53 20.67
7.17 23.44 20.60
7.35 23.41 20.62
7.38 23.34 20.64
7.39 23.31 20.56
7.40 23.31 20.57
7.28 23.41 20.56
7.22 23.39 20.46
7.04 23.52 20.70
6.95 23.55 20.70
6.89 23.49 20.66
6.98 23.46 20.68
6.93 23.42 20.61
7.01 23.39 20.66
6.94 23.41 20.44
7.03 23.37 20.58
7.13 23.39 20.52
6.96 23.38 20.53
7.39 23.42 20.06
7.38 23.40 20.16
7.40 23.34 20.46
7.41 23.38 20.36
7.48 23.35 20.13
7.46 23.35 20.21
7.13 23.43 20.23
7.05 23.48 20.18
6.99 23.50 20.23
6.99 23.50 20.24
7.05 23.45 20.28
7.07 23.40 20.37
7.20 23.45 20.07
7.09 23.45 20.11
8.00 23.56 21.68
7.96 23.53 21.77
7.90 23.53 21.67
8.19 23.41 21.33
8.23 23.47 21.44
8.12 23.37 21.27
7.93 23.40 21.36
7.91 23.41 21.44
8.00 23.44 21.28
7.96 23.45 21.17
7.74 23.38 21.48
7.84 23.37 21.43
7.70 23.43 21.62
7.65 23.38 21.53
7.70 23.33 21.40
7.60 23.33 21.45
7.77 23.47 21.09
7.89 23.45 21.14
7.65 23.54 21.10
7.72 23.47 21.11
7.79 23.39 21.28
7.78 23.37 21.32
7.80 23.43 21.17
7.87 23.44 21.23
7.64 23.34 21.28
7.72 23.40 21.19
7.64 23.40 21.17
7.64 23.35 21.24
8.05 23.52 21.76
8.20 23.44 21.72
8.05 23.46 21.83
8.25 23.34 21.69
7.89 23.49 21.77
8.28 23.42 21.48
8.28 23.39 21.59
8.29 23.28 21.55
8.27 23.37 21.40
8.22 23.32 21.32
8.29 23.20 21.41
8.26 23.23 21.65
8.37 23.12 21.56
7.69 23.41 21.68
7.68 23.36 21.76
7.63 23.37 21.64
7.58 23.21 21.70
7.76 23.22 21.97
7.85 23.17 22.03
7.67 23.24 21.88
7.60 23.18 21.79
7.64 23.10 21.96
7.17 23.63 21.44
7.11 23.57 21.52
7.18 23.55 21.46
7.22 23.58 21.28
7.22 23.60 21.37
7.23 23.56 21.29
7.22 23.53 21.40
7.07 23.48 21.54
7.12 23.38 21.51
7.16 23.32 21.53
7.26 23.37 21.40
7.21 23.38 21.46
7.33 23.30 21.45
7.26 23.29 21.52
7.26 23.52 21.21
7.28 23.47 21.27
7.42 23.54 21.19
7.53 23.47 21.17
7.45 23.46 21.19
7.46 23.39 21.23
7.34 23.53 21.19
7.37 23.43 21.23
7.44 23.34 21.39
7.56 23.36 21.24
7.54 23.34 21.33
6.96 23.63 21.52
6.90 23.62 21.53
6.94 23.46 21.56
6.86 23.45 21.56
6.88 23.37 21.57
7.09 23.29 21.51
6.95 23.26 21.51
6.65 23.53 21.45
6.68 23.47 21.49
6.87 23.27 21.56
7.51 23.27 21.54
7.37 23.24 21.47
7.29 23.22 21.47
7.38 23.17 21.52
7.32 23.14 21.48
7.19 23.23 21.53
7.22 23.17 21.47
7.25 23.11 21.46
7.25 23.05 21.50
7.51 23.13 21.74
7.50 23.09 21.83
7.31 23.04 21.63
7.32 22.93 21.76
7.27 22.87 21.67
6.78 23.14 21.59
6.78 22.92 21.78
6.77 22.88 21.88
6.91 22.89 21.75
6.90 22.87 21.82
6.83 22.93 21.70
7.16 23.10 21.46
7.08 23.10 21.49
6.90 23.05 21.58
7.11 22.84 21.68
7.20 22.95 21.51
7.12 22.93 21.50
7.21 22.88 21.54
7.13 22.86 21.58
7.22 22.83 21.61
7.21 22.83 21.62
7.03 22.94 21.55
7.05 22.89 21.62
8.08 23.36 21.16
8.11 23.29 21.13
8.20 23.24 21.17
7.92 23.40 21.07
7.95 23.27 20.97
8.09 23.15 21.05
8.01 23.10 20.98
8.02 23.07 20.91
8.04 23.08 21.00
8.33 23.14 21.27
8.41 23.02 21.35
8.38 23.05 21.42
8.27 23.05 21.13
8.38 23.04 21.24
8.38 22.98 21.08
8.31 22.96 21.07
8.44 22.96 21.23
8.23 22.93 21.08
8.25 22.89 21.08
8.14 22.99 21.05
8.11 22.95 21.00
8.16 22.90 21.05
8.17 22.88 21.05
8.16 22.96 20.83
8.21 23.06 20.65
8.22 23.09 20.54
8.31 23.04 20.58
8.13 23.11 20.57
8.31 22.90 20.64
8.41 22.95 21.02
8.49 22.91 21.07
8.49 22.85 21.00
8.35 22.90 20.99
8.39 22.80 20.94
8.46 22.73 20.96
8.54 22.68 20.83
8.45 22.69 20.88
8.21 22.89 20.88
8.19 22.87 20.98
8.20 22.87 20.98
8.27 22.86 21.01
8.30 22.84 20.93
8.30 22.86 20.75
8.37 22.78 20.72
8.39 22.74 20.83
7.83 23.45 21.03
7.83 23.45 20.85
7.81 23.42 20.80
7.85 23.38 20.89
7.84 23.26 20.84
7.76 23.31 20.78
7.72 23.26 20.71
7.79 23.24 20.75
7.92 23.18 20.82
7.94 23.15 20.93
7.60 23.34 20.72
7.67 23.36 20.74
7.63 23.28 20.66
7.53 23.31 20.71
7.53 23.31 20.71
7.55 23.29 20.63
7.55 23.29 20.65
7.48 23.28 20.61
7.45 23.29 20.69
7.46 23.29 20.69
7.97 23.16 20.76
7.82 23.22 20.68
7.95 23.14 20.58
8.05 23.12 20.54
7.93 23.14 20.39
7.62 23.23 20.51
7.69 23.20 20.54
7.87 23.19 20.34
7.79 23.20 20.40
7.86 22.70 23.01
7.77 22.71 22.97
8.06 22.67 22.88
7.99 22.72 22.78
7.97 22.72 22.86
7.80 22.78 22.77
7.58 22.69 23.09
7.63 22.68 22.93
7.57 22.65 22.84
7.75 22.74 22.68
7.73 22.76 22.75
7.68 22.70 22.67
7.59 22.64 22.75
7.86 23.10 22.06
7.72 22.95 22.17
7.89 22.92 22.21
7.96 22.86 22.34
7.62 22.83 22.40
7.64 22.80 22.34
7.80 22.86 22.30
7.64 22.88 22.23
7.73 22.83 22.28
8.06 22.82 22.30
8.13 22.75 22.49
8.05 22.73 22.47
8.22 22.73 22.49
8.20 22.74 22.58
8.18 22.69 22.70
8.27 22.68 22.63
8.21 22.69 22.69
8.05 22.71 22.53
8.10 22.73 22.62
8.24 22.69 22.44
8.24 22.66 22.45
8.27 22.64 22.56
8.29 22.57 22.60
8.26 22.60 22.48
8.32 22.54 22.53
7.87 22.83 22.40
7.88 22.77 22.44
7.95 22.68 22.60
7.85 22.74 22.62
7.97 22.71 22.47
7.88 22.71 22.51
7.96 22.68 22.58
7.69 22.83 22.47
7.69 22.78 22.54
7.60 22.82 22.48
7.60 22.77 22.55
7.75 22.73 22.59
7.75 22.80 22.38
7.79 22.76 22.47
7.93 22.65 23.06
7.95 22.59 23.11
7.97 22.49 23.24
7.92 22.51 23.30
8.11 22.29 23.56
7.92 22.32 23.62
7.93 22.35 23.52
8.19 22.20 23.63
8.03 22.26 23.64
7.93 22.19 23.71
8.20 22.28 23.51
8.23 22.28 23.43
8.31 22.24 23.49
8.30 22.20 23.59
8.31 22.24 23.48
8.06 22.37 23.33
8.15 22.36 23.28
7.85 22.65 23.09
7.70 22.66 23.15
7.89 22.57 23.26
7.82 22.58 23.30
7.83 22.52 23.35
7.75 22.50 23.35
7.84 22.46 23.40
7.73 22.45 23.43
7.75 22.42 23.46
7.57 22.65 23.19
7.67 22.60 23.23
7.50 22.63 23.17
7.67 22.54 23.28
7.52 22.50 23.27
7.58 22.44 23.46
7.83 22.26 23.72
7.83 22.21 23.78
7.59 22.27 23.65
7.67 22.24 23.69
7.56 22.23 23.75
7.51 22.25 23.62
7.66 22.22 23.78
7.57 22.18 23.86
7.84 22.35 23.53
8.27 22.57 22.77
8.18 22.59 22.85
8.23 22.52 22.87
8.30 22.40 22.95
8.28 22.36 23.05
8.37 22.49 22.58
8.46 22.43 22.60
8.53 22.30 22.84
8.35 22.39 22.73
8.55 22.31 22.72
8.45 22.31 22.77
8.22 22.31 23.14
8.24 22.24 23.18
8.31 22.23 23.14
8.45 22.14 23.40
8.46 22.13 23.40
8.28 22.22 23.29
8.28 22.22 23.30
8.36 22.18 23.36
8.48 22.15 23.26
8.30 22.19 23.23
8.31 22.19 23.23
8.39 22.14 23.28
8.42 22.28 22.96
8.50 22.26 23.00
8.41 22.22 23.07
7.46 22.65 22.97
7.31 22.62 22.93
7.00 22.81 22.91
7.08 22.79 22.95
7.13 22.73 22.99
7.09 22.68 23.07
7.14 22.69 22.92
7.20 22.66 23.00
7.06 22.69 22.80
7.09 22.72 22.65
7.11 22.68 22.73
7.08 22.68 22.75
7.25 22.60 22.82
6.59 22.64 23.10
6.57 22.63 23.18
6.76 22.74 22.94
6.83 22.76 22.99
6.74 22.75 23.01
6.62 22.63 22.99
6.71 22.68 22.88
6.64 22.65 22.86
6.86 22.76 22.87
6.99 22.67 22.77
7.01 22.67 22.70
6.91 22.66 22.77
6.93 22.64 22.72
6.94 22.69 22.64
6.68 22.76 22.71
6.72 22.68 22.86
6.73 22.71 22.76
6.81 22.70 22.79
6.63 22.71 22.81
6.66 22.76 22.62
6.73 22.70 22.58
6.85 22.68 22.64
6.76 22.68 22.69
6.84 22.66 22.73
7.47 22.81 22.36
7.11 22.77 22.51
7.23 22.74 22.30
7.17 22.76 22.36
7.44 22.90 22.01
7.48 22.85 22.24
7.33 22.76 22.28
7.26 22.76 22.21
7.37 22.83 22.04
7.21 22.76 22.10
7.53 22.79 22.45
7.48 22.65 22.53
7.44 22.57 22.82
7.47 22.62 22.63
7.09 22.74 22.61
7.31 22.59 22.67
7.32 22.72 22.39
7.22 22.68 22.50
7.31 22.63 22.56
7.03 22.77 22.48
7.00 22.75 22.57
6.86 22.72 22.53
7.05 22.76 22.40
6.99 22.77 22.29
6.91 22.71 22.35
6.75 22.70 22.32
6.85 22.69 22.27
6.84 22.68 22.36
7.01 22.77 22.20
7.15 22.79 22.25
7.06 22.79 21.94
7.05 22.76 22.05
6.79 22.84 21.97
6.87 22.84 21.94
6.94 22.73 22.19
6.92 22.75 22.09
7.07 22.54 23.33
7.07 22.43 23.47
7.15 22.42 23.41
7.37 22.63 23.04
7.37 22.62 23.04
7.44 22.63 23.06
7.28 22.56 23.13
7.37 22.51 23.18
7.28 22.52 23.21
7.27 22.48 23.31
7.00 22.64 23.16
7.09 22.57 23.23
7.24 22.34 23.57
7.25 22.33 23.58
7.27 22.32 23.50
7.28 22.31 23.51
7.28 22.35 23.41
7.37 22.30 23.45
7.37 22.28 23.47
7.37 22.27 23.56
7.35 22.27 23.57
7.14 22.36 23.65
7.05 22.41 23.61
7.05 22.36 23.68
7.16 22.38 23.52
7.41 22.21 23.78
7.23 22.25 23.75
7.17 22.11 23.85
7.06 22.24 23.78
6.90 22.62 23.22
6.90 22.57 23.28
6.81 22.62 23.25
6.90 22.47 23.44
6.89 22.43 23.54
6.82 22.45 23.45
6.89 22.38 23.61
6.82 22.35 23.57
6.73 22.61 23.25
6.68 22.51 23.26
6.75 22.48 23.34
6.76 22.37 23.47
6.62 22.37 23.35
6.70 22.33 23.42
6.62 22.31 23.41
6.89 22.32 23.67
6.83 22.29 23.62
6.80 22.11 23.65
6.94 22.12 23.77
6.89 22.00 23.74
6.71 22.21 23.52
6.71 22.21 23.52
6.63 22.19 23.52
6.62 22.07 23.64
6.66 21.95 23.72
8.13 23.11 21.97
8.09 23.12 22.00
8.02 23.16 22.04
7.97 23.04 22.08
8.06 23.03 22.03
8.15 23.07 21.95
8.26 23.01 21.91
8.17 23.02 21.95
8.14 23.02 21.97
8.44 22.76 22.21
8.54 22.75 22.16
8.38 22.77 22.09
8.37 22.75 22.18
8.36 22.74 22.21
8.15 22.86 22.23
8.08 22.90 22.11
8.08 22.86 22.19
8.26 22.75 22.27
8.22 22.86 21.98
8.32 22.79 21.99
8.25 22.80 22.03
8.31 22.75 22.07
8.31 22.75 22.07
8.25 22.77 22.13
8.29 22.73 22.16
8.37 22.94 21.91
8.49 22.98 21.58
8.51 22.95 21.69
8.56 22.89 21.74
8.39 22.84 21.97
8.39 22.81 21.99
8.63 22.77 21.82
8.64 22.66 21.96
8.52 22.67 22.35
8.36 22.70 22.30
8.28 22.71 22.26
8.35 22.65 22.38
8.36 22.59 22.45
8.27 22.64 22.40
8.46 22.48 22.52
8.60 22.86 21.49
8.69 22.81 21.37
8.57 22.85 21.31
8.59 22.82 21.60
8.67 22.81 21.54
8.74 22.75 21.41
8.77 22.59 21.41
8.86 22.64 20.96
8.79 22.58 20.97
8.78 22.56 21.06
8.55 22.76 21.16
8.62 22.67 21.23
8.65 22.61 21.18
8.54 22.68 21.01
8.59 22.64 21.04
8.53 22.65 20.93
8.54 22.64 20.93
8.68 22.58 21.09
8.66 22.57 20.92
8.71 22.61 21.29
8.73 22.58 21.25
8.82 22.49 21.38
8.76 22.55 21.15
7.44 22.95 21.94
7.37 22.92 21.89
7.32 22.81 21.88
7.32 22.80 21.94
7.20 22.80 21.72
7.27 22.82 21.75
7.20 22.80 21.73
7.18 22.78 21.81
7.26 22.78 21.83
7.26 22.77 21.84
7.09 22.82 21.81
11.64 21.93 21.89
11.49 21.94 21.91
11.36 21.94 21.96
11.20 21.92 22.00
11.29 21.93 21.97
11.42 21.96 21.79
11.23 21.94 21.84
11.25 21.96 21.73
11.77 21.89 21.77
11.59 21.95 21.72
11.80 21.85 21.62
11.62 21.93 21.61
11.43 21.95 21.61
11.49 21.92 21.47
11.31 21.96 21.48
11.07 21.90 21.87
10.96 21.86 22.02
11.01 21.91 21.75
11.08 21.91 21.83
11.10 21.94 21.68
10.90 21.85 21.96
10.78 21.83 21.97
10.89 21.83 22.01
10.84 21.86 21.83
10.71 21.88 21.92
10.87 21.91 21.60
10.68 21.92 21.71
10.72 21.89 21.56
11.13 21.96 21.50
11.08 21.96 21.39
11.17 21.99 21.32
10.89 21.91 21.52
10.82 21.89 21.51
11.00 21.94 21.37
11.02 21.96 21.27
10.86 21.91 21.33
11.87 21.78 21.50
11.73 21.83 21.43
11.86 21.76 21.42
11.65 21.83 21.30
11.79 21.77 21.29
11.35 21.94 21.32
11.42 21.90 21.09
11.50 21.88 21.13
11.92 21.64 21.13
11.73 21.74 21.10
11.95 21.55 20.99
11.78 21.63 20.99
11.43 21.86 20.93
11.58 21.76 20.94
11.66 21.68 20.83
11.26 22.04 21.15
11.28 22.04 21.16
11.25 22.05 21.23
11.29 22.01 21.26
11.20 22.04 21.13
11.18 22.03 21.21
11.28 21.92 20.94
10.89 21.93 21.15
10.86 21.88 20.99
11.01 21.93 21.01
11.13 21.90 20.89
11.41 21.85 20.84
11.23 21.89 20.84
11.46 21.77 20.71
11.35 21.80 20.66
11.10 21.85 20.72
10.95 21.82 20.68
11.00 21.86 20.77
10.98 21.79 20.61
9.76 22.74 19.81
9.80 22.68 19.67
9.88 22.31 20.64
9.69 22.26 20.82
9.71 22.32 20.62
9.98 22.28 20.56
10.11 22.21 20.55
9.73 22.33 20.53
9.81 22.33 20.56
9.86 22.26 20.43
9.83 22.24 20.24
9.96 22.15 19.97
10.13 22.14 20.40
10.10 22.13 20.30
9.89 22.23 20.36
10.06 22.10 20.18
9.98 22.12 20.08
10.04 22.03 20.06
10.09 22.00 20.16
10.12 21.97 20.07
10.22 22.31 21.54
10.26 22.28 21.57
10.07 22.36 21.53
10.13 22.24 21.45
10.39 22.14 21.68
10.44 22.04 21.47
10.34 22.12 21.49
10.20 22.10 21.35
10.44 22.04 21.48
10.48 22.02 21.59
10.57 21.97 21.74
10.53 21.96 21.45
10.49 21.99 21.33
10.50 21.99 21.34
10.67 21.88 21.45
10.54 21.95 21.19
10.70 21.89 21.28
10.56 21.90 21.31
10.38 22.06 21.35
10.25 22.02 21.23
10.43 21.99 21.04
10.35 22.02 21.18
10.30 22.03 20.97
10.03 22.28 21.48
9.86 22.26 21.42
10.02 22.15 21.35
9.96 22.14 21.25
9.71 22.30 21.38
9.75 22.22 21.31
9.55 22.33 21.32
9.60 22.22 21.26
9.82 22.14 21.20
9.63 22.19 21.19
9.64 22.21 21.06
10.07 22.14 20.93
10.05 22.17 20.84
10.15 22.12 20.87
10.10 22.11 21.22
9.98 22.15 21.16
10.00 22.14 21.08
10.15 22.05 21.09
10.14 22.08 20.98
10.23 22.05 20.94
10.22 22.03 21.03
9.65 22.26 20.98
9.73 22.22 21.05
9.75 22.25 20.93
9.90 22.15 21.13
9.91 22.18 21.03
9.87 22.22 20.82
10.66 21.88 21.08
10.81 21.84 20.89
10.51 21.94 20.91
10.56 21.89 20.95
10.56 21.85 20.88
10.64 21.81 20.93
10.67 21.79 20.85
10.58 21.78 20.74
10.87 21.81 20.70
10.81 21.78 20.64
10.78 21.80 20.72
10.90 21.77 20.59
10.78 21.73 20.47
10.68 21.74 20.52
10.08 22.21 20.72
10.27 22.06 20.76
10.21 22.09 20.45
10.24 22.11 20.64
10.29 21.97 20.54
10.35 21.99 20.89
10.29 22.02 20.79
10.39 21.94 20.77
10.36 21.89 20.70
10.19 22.06 20.37
10.25 21.99 20.42
10.15 21.96 20.22
10.20 21.89 20.23
10.15 21.92 20.15
10.48 21.75 20.62
10.43 21.72 20.53
10.31 21.87 20.50
10.29 21.82 20.42
10.35 21.76 20.48
10.46 21.77 20.34
10.54 21.75 20.37
10.45 21.74 20.43
10.32 21.80 20.36
10.37 21.76 20.39
9.93 22.31 19.71
9.95 22.32 19.62
10.03 22.32 19.65
10.08 22.29 19.68
10.05 22.28 19.59
10.09 22.25 19.61
10.02 22.18 19.53
10.03 22.27 19.33
10.16 22.23 19.19
10.04 22.16 19.45
10.04 22.16 19.45
10.16 22.13 19.33
10.24 22.11 19.28
10.11 22.19 19.82
9.97 22.26 19.84
10.09 22.04 19.89
10.15 21.99 19.94
10.16 22.14 19.70
10.08 22.14 19.57
10.16 22.03 19.83
10.27 21.96 19.83
10.15 22.09 19.45
10.10 22.11 19.50
10.21 22.07 19.38
10.26 21.97 19.35
10.19 21.99 19.59
10.23 21.88 19.38
10.23 21.74 19.44
10.20 21.77 19.51
11.26 21.92 19.39
11.39 21.88 19.27
11.47 21.87 19.22
11.49 21.85 19.06
11.31 21.90 19.05
11.41 21.86 19.02
11.15 21.93 19.34
11.08 21.90 19.33
11.10 21.90 19.25
11.17 21.92 19.27
10.95 21.80 19.28
11.21 21.89 19.11
11.26 21.85 18.97
11.16 21.85 19.02
11.07 21.82 19.09
10.09 22.43 18.90
10.10 22.42 18.90
10.12 22.50 18.70
10.15 22.47 18.63
10.29 22.39 18.81
10.41 22.27 19.00
10.40 22.32 18.79
10.49 22.24 18.86
10.08 22.38 19.01
10.26 22.32 19.00
10.24 22.40 18.64
10.27 22.36 18.54
10.31 22.39 18.36
10.44 22.27 18.65
10.53 22.23 18.70
10.55 22.20 18.82
10.48 22.28 18.49
10.62 22.18 18.58
10.53 22.12 19.02
10.39 22.15 19.14
10.47 22.14 19.09
10.33 22.10 19.23
10.37 22.00 19.20
10.32 22.03 19.26
10.51 22.04 19.05
10.47 22.07 19.11
10.46 21.95 19.07
10.49 21.92 19.00
10.28 21.82 19.24
10.28 21.76 19.27
10.33 21.81 19.18
10.37 21.71 19.15
10.32 21.73 19.21
10.32 21.72 19.21
10.39 21.64 19.18
10.35 21.67 19.25
10.41 21.68 19.08
10.42 21.61 19.12
10.86 21.95 18.74
10.81 21.85 18.75
10.58 22.06 18.89
10.60 22.10 18.79
10.62 21.98 18.66
10.65 21.87 18.66
10.74 21.83 18.73
10.60 21.88 18.70
10.55 21.90 18.77
10.91 21.78 19.14
10.84 21.75 19.12
10.78 21.69 19.13
10.80 21.66 19.06
10.91 21.73 18.82
10.97 21.77 18.90
10.76 21.69 18.80
10.87 21.71 18.97
10.83 21.63 18.99
10.84 21.65 18.87
10.83 21.59 18.92
10.79 21.55 18.86
10.45 21.73 18.99
10.45 21.62 18.95
10.45 21.58 19.05
10.62 21.65 18.77
10.50 21.74 18.82
10.56 21.72 18.76
10.55 21.62 18.75
10.50 21.63 18.78
10.65 21.50 18.82
10.47 21.55 18.80
10.51 21.53 18.92
10.50 21.48 18.84
10.54 21.51 18.94
11.72 21.75 20.37
11.65 21.72 20.35
11.26 21.76 20.55
11.60 21.93 19.97
11.66 21.80 20.20
11.58 21.84 20.14
11.67 21.74 20.26
11.77 21.72 20.21
11.75 21.72 20.30
11.75 21.83 20.07
11.52 21.96 19.87
11.51 21.92 19.98
11.38 21.92 19.80
11.33 21.77 19.94
11.43 21.79 20.11
11.31 21.69 20.06
11.51 21.74 20.20
11.51 21.70 20.25
11.41 21.66 20.20
11.30 21.63 20.18
11.68 21.65 20.67
11.69 21.71 20.55
11.78 21.75 20.48
11.85 21.69 20.44
11.79 21.66 20.57
11.76 21.59 20.63
11.83 21.65 20.54
11.78 21.56 20.75
11.86 21.51 20.80
11.90 21.54 20.62
12.08 21.40 20.75
11.81 21.71 20.33
11.95 21.59 20.34
11.88 21.66 20.20
12.01 21.55 20.29
12.02 21.49 20.51
12.16 21.39 20.60
12.11 21.40 20.64
12.17 21.41 20.33
12.23 21.33 20.47
11.51 21.73 20.57
11.63 21.73 20.44
11.49 21.66 20.41
11.51 21.64 20.34
11.37 21.73 20.52
11.34 21.64 20.36
11.29 21.60 20.27
11.37 21.60 20.27
11.84 21.85 19.55
11.75 21.90 19.68
11.80 21.88 19.52
11.79 21.84 19.90
11.90 21.80 19.78
11.92 21.76 19.89
12.01 21.69 19.87
11.98 21.72 19.66
12.00 21.72 19.76
11.63 21.93 19.80
11.47 21.94 19.74
11.34 21.94 19.59
11.68 21.92 19.58
11.60 21.91 19.59
11.57 21.86 19.44
11.47 21.89 19.48
11.77 21.86 19.43
11.90 21.72 19.45
11.85 21.74 19.33
11.86 21.63 19.29
12.10 21.56 19.59
11.99 21.57 19.48
11.89 21.57 19.33
11.95 21.51 19.38
12.02 21.48 19.45
12.04 21.46 19.41
11.69 21.85 19.31
11.66 21.87 19.39
11.65 21.82 19.13
11.79 21.80 19.28
11.85 21.68 19.22
11.59 21.84 19.28
11.51 21.85 19.33
11.94 21.67 20.03
11.99 21.54 20.11
12.05 21.45 20.08
12.03 21.45 20.17
12.06 21.53 19.96
12.12 21.57 19.78
12.16 21.44 19.85
12.37 21.30 20.36
12.47 21.28 20.32
12.41 21.28 20.21
12.36 21.34 19.98
12.54 21.24 20.18
12.45 21.27 20.09
12.23 21.34 20.20
12.06 21.39 20.11
12.12 21.42 20.21
12.15 21.35 20.16
12.21 21.32 20.11
12.11 21.36 20.06
12.19 21.32 20.01
12.17 21.32 20.09
12.30 21.35 19.86
12.22 21.37 19.82
12.24 21.37 19.74
12.31 21.34 19.78
12.26 21.37 19.66
12.37 21.32 19.72
12.43 21.32 19.74
12.19 21.45 19.68
12.21 21.42 19.46
12.20 21.40 19.53
12.24 21.39 19.55
12.11 21.43 19.51
12.13 21.41 19.46
12.49 21.33 19.85
12.55 21.29 19.98
12.62 21.22 19.95
12.59 21.25 20.01
12.62 21.12 19.90
12.63 21.12 19.91
12.61 21.14 19.80
12.68 21.09 19.85
11.11 21.73 20.50
11.09 21.64 20.36
11.16 21.65 20.38
10.90 21.68 20.36
11.11 21.59 20.30
11.19 21.61 20.32
11.21 21.63 20.23
11.04 21.58 20.27
10.67 21.70 20.26
10.91 21.57 20.14
10.88 21.59 20.21
10.77 21.65 20.23
10.79 21.63 20.21
10.82 21.59 20.12
10.74 21.61 20.06
10.72 21.62 20.14
11.24 21.90 19.70
11.21 21.84 19.77
11.11 21.79 19.70
11.11 21.73 19.76
11.21 21.68 20.11
11.09 21.61 20.01
11.14 21.65 20.13
11.07 21.57 20.16
11.24 21.69 19.98
11.14 21.64 19.92
11.12 21.61 19.88
11.12 21.59 19.94
11.02 21.60 19.99
11.00 21.60 20.07
10.92 21.63 19.99
10.85 21.66 19.91
10.96 21.61 19.87
11.07 21.57 19.82
11.02 21.56 19.82
11.07 21.55 19.84
11.05 21.56 19.92
10.93 21.61 19.77
10.79 21.66 19.78
10.41 21.73 20.24
10.52 21.70 20.21
10.59 21.60 20.01
10.48 21.65 20.03
10.23 21.97 19.98
10.28 21.89 20.03
10.22 21.90 20.09
10.30 21.93 19.93
10.30 21.85 19.78
10.41 21.71 20.16
10.30 21.78 20.17
10.33 21.76 20.20
10.35 21.73 20.13
10.34 21.79 20.01
10.36 21.73 20.04
10.34 21.72 19.86
10.43 21.65 19.92
10.69 21.61 19.95
10.63 21.59 19.84
10.75 21.66 19.77
10.52 21.59 19.89
10.54 21.58 19.91
10.56 21.67 19.68
10.23 21.75 19.62
10.28 21.69 19.67
10.24 21.71 19.55
10.35 21.64 19.54
10.41 21.63 19.83
10.36 21.65 19.72
10.47 21.62 19.79
10.34 21.64 19.62
10.41 21.63 19.65
11.19 21.91 19.57
11.12 21.87 19.54
11.00 21.74 19.49
10.94 21.71 19.45
11.05 21.74 19.64
11.05 21.69 19.71
10.99 21.65 19.66
10.99 21.60 19.73
10.92 21.61 19.67
10.86 21.62 19.56
10.69 21.59 19.60
10.77 21.60 19.62
10.72 21.56 19.53
10.65 21.58 19.49
10.73 21.58 19.43
10.81 21.61 19.45
10.81 21.69 19.30
10.76 21.65 19.23
10.61 21.57 19.30
10.68 21.56 19.33
10.66 21.58 19.40
10.70 21.57 19.24
10.53 21.64 19.51
10.47 21.65 19.39
10.29 21.69 19.39
10.62 21.57 19.21
10.58 21.60 19.36
10.44 21.61 19.22
10.47 21.56 19.16
10.79 21.58 19.09
10.64 21.55 19.14
10.72 21.56 19.17
10.75 21.50 19.11
10.68 21.47 19.10
10.83 21.56 19.03
10.78 21.46 19.05
10.71 21.43 19.04
10.73 21.46 18.88
10.80 21.46 18.97
10.73 21.41 18.97
10.73 21.41 18.96
10.49 21.54 19.09
10.60 21.48 19.07
10.57 21.46 18.88
10.65 21.45 18.89
10.65 21.44 18.92
10.65 21.43 19.02
8.40 23.36 19.79
8.49 23.33 19.79
8.40 23.31 19.86
8.62 23.27 19.70
8.69 23.24 19.63
8.73 23.22 19.66
8.48 23.36 19.59
8.03 23.44 19.75
8.06 23.38 19.79
8.17 23.36 19.71
8.08 23.42 19.68
8.24 23.35 19.78
8.05 23.28 19.94
8.25 23.38 19.68
8.29 23.39 19.51
8.39 23.38 19.46
8.09 23.42 19.51
8.13 23.41 19.44
8.15 23.40 19.45
8.11 23.40 19.52
8.58 23.29 19.48
8.62 23.26 19.51
8.70 23.15 19.50
8.74 23.18 19.32
8.65 23.20 19.27
8.64 23.18 19.37
8.87 23.18 19.28
8.95 23.14 19.33
8.90 23.15 19.37
9.04 23.12 19.19
9.02 23.12 19.27
9.12 23.08 19.24
8.96 23.15 19.14
8.93 23.16 19.22
8.68 23.24 19.12
8.74 23.22 19.23
8.66 23.22 19.25
8.79 23.23 19.05
8.52 23.30 19.36
8.58 23.24 19.32
8.20 23.43 19.14
8.19 23.41 19.19
8.15 23.46 19.06
8.23 23.41 19.02
8.32 23.36 19.08
8.29 23.38 19.15
8.26 23.34 18.97
8.31 23.29 18.83
8.36 23.31 18.94
7.82 23.54 19.84
7.58 23.65 19.66
7.64 23.63 19.79
7.49 23.60 19.75
7.63 23.57 19.90
7.56 23.58 19.85
7.75 23.42 19.98
7.85 23.40 20.06
7.90 23.38 20.09
7.80 23.39 20.14
7.92 23.41 19.90
7.79 23.48 19.91
7.83 23.42 19.95
7.93 23.33 20.03
7.95 23.32 20.04
7.98 23.29 19.98
7.58 23.41 20.01
7.66 23.37 20.08
7.66 23.36 20.10
7.87 23.58 19.72
7.89 23.56 19.55
7.97 23.52 19.60
7.76 23.61 19.66
7.95 23.53 19.68
8.02 23.50 19.44
7.93 23.52 19.40
7.86 23.50 19.41
7.52 23.64 19.56
7.64 23.57 19.45
7.64 23.44 19.33
7.43 23.63 19.62
7.42 23.58 19.71
7.27 23.57 19.67
7.04 23.70 19.75
7.08 23.63 19.66
7.17 23.58 19.72
7.15 23.58 19.81
7.13 23.57 19.53
7.43 23.53 19.75
7.43 23.46 19.83
7.36 23.46 19.85
7.29 23.51 19.80
7.21 23.52 19.86
7.29 23.47 19.91
7.45 23.62 19.54
7.43 23.54 19.38
7.30 23.58 19.50
7.16 23.55 19.42
7.26 23.53 19.41
7.19 23.50 19.40
7.50 23.38 19.30
7.31 23.45 19.29
7.25 23.46 19.17
7.42 23.37 19.28
7.96 23.51 19.33
8.04 23.50 19.36
7.91 23.45 19.25
8.11 23.42 19.16
8.02 23.41 19.21
8.09 23.41 19.24
8.12 23.47 19.04
8.11 23.47 19.07
8.05 23.43 19.03
8.11 23.42 19.15
8.05 23.39 19.12
8.04 23.37 19.15
7.82 23.42 19.32
7.80 23.34 19.16
7.83 23.26 19.12
7.90 23.32 19.12
7.93 23.27 19.06
7.86 23.22 19.06
7.76 23.22 19.11
8.15 23.43 18.98
8.14 23.42 18.98
8.09 23.41 18.97
8.18 23.35 18.94
8.08 23.40 18.97
8.01 23.33 18.97
8.03 23.32 18.89
8.16 23.25 18.80
7.95 23.35 18.85
8.00 23.34 18.70
7.89 23.37 18.73
7.88 23.34 18.83
7.82 23.37 18.65
7.95 23.33 18.88
7.95 23.28 18.95
7.88 23.21 18.98
7.88 23.31 18.86
7.89 23.23 18.88
7.84 23.20 18.83
7.83 23.19 18.88
7.60 23.34 19.27
7.54 23.30 19.26
7.56 23.26 19.20
7.61 23.23 19.05
7.27 23.46 19.09
7.38 23.37 19.17
7.34 23.39 19.05
7.39 23.34 19.10
7.44 23.28 19.14
7.46 23.29 19.24
7.49 23.24 19.18
7.37 23.28 18.93
7.53 23.22 19.02
7.68 23.32 18.61
7.59 23.42 18.49
7.52 23.45 18.41
7.45 23.35 18.48
7.42 23.28 18.68
7.53 23.35 18.51
7.62 23.26 18.86
7.63 23.22 18.95
7.78 23.30 18.72
7.76 23.22 18.75
7.75 23.19 18.85
7.68 23.21 18.75
7.48 23.29 18.79
7.55 23.26 18.90
7.55 23.24 18.93
7.39 23.25 18.87
7.58 23.27 18.75
9.17 23.03 19.10
9.01 23.08 19.01
9.12 23.11 18.86
9.07 23.12 18.74
9.04 23.13 18.82
9.02 23.11 18.91
9.33 22.99 18.90
9.27 23.01 18.96
9.20 23.07 18.93
9.34 23.03 18.80
9.40 22.97 18.85
9.52 22.93 18.73
9.43 22.98 18.67
9.19 23.07 18.63
9.01 23.14 18.62
9.14 23.02 18.55
8.51 23.21 18.43
8.87 23.17 18.74
8.92 23.17 18.57
8.84 23.17 18.54
8.62 23.18 18.73
8.70 23.19 18.76
8.65 23.13 18.68
8.55 23.18 18.70
8.56 23.14 18.63
8.51 23.17 18.51
8.59 23.18 18.52
8.51 23.17 18.52
8.59 23.17 18.54
8.91 23.14 18.49
8.97 23.09 18.45
9.09 23.00 18.44
8.60 23.29 17.95
8.69 23.26 17.99
8.67 23.26 18.07
8.73 23.22 17.84
8.75 23.22 17.85
8.68 23.21 17.74
8.76 23.18 17.78
8.94 23.03 17.92
8.99 22.97 17.97
9.04 22.96 17.99
8.72 23.12 17.67
8.79 23.12 17.73
8.75 23.07 17.65
8.85 23.03 17.63
8.78 23.11 17.46
8.86 23.07 17.52
8.77 23.06 17.57
8.98 22.95 17.88
8.92 22.98 17.84
8.91 22.94 17.77
8.90 22.97 17.66
9.11 22.87 17.78
9.59 22.90 18.59
9.62 22.86 18.53
9.50 22.93 18.54
9.53 22.89 18.47
9.57 22.79 18.45
9.34 22.97 18.46
9.42 22.96 18.50
9.45 22.93 18.43
9.48 22.85 18.41
9.43 22.74 18.39
9.46 22.66 18.37
9.11 22.97 18.38
9.17 22.92 18.33
9.19 22.96 18.41
9.09 23.00 18.08
9.12 22.98 18.10
9.13 22.94 18.03
9.31 22.88 18.37
9.25 22.84 18.31
9.34 22.79 18.36
9.28 22.81 18.24
9.36 22.69 18.32
9.38 22.68 18.34
9.41 22.66 18.25
9.41 22.64 18.27
9.58 22.76 18.10
9.62 22.73 18.13
9.57 22.74 18.17
9.65 22.66 18.27
9.67 22.68 18.17
9.41 22.74 18.13
9.50 22.66 18.22
9.61 22.71 18.04
9.60 22.65 17.98
9.68 22.64 18.10
9.52 22.74 18.00
9.28 22.81 18.06
9.35 22.76 18.01
9.10 22.89 17.95
9.17 22.83 17.97
9.23 22.78 17.87
8.23 23.42 18.29
8.30 23.38 18.33
8.27 23.34 18.43
8.10 23.36 18.54
8.02 23.39 18.50
8.05 23.38 18.42
8.12 23.37 18.46
8.14 23.40 18.36
8.37 23.21 18.71
8.29 23.22 18.67
8.21 23.30 18.55
8.34 23.25 18.41
8.36 23.19 18.63
8.34 23.22 18.51
8.25 23.42 18.21
8.28 23.41 18.22
8.37 23.37 18.11
8.43 23.34 18.04
8.17 23.44 18.17
8.02 23.39 18.14
8.11 23.43 18.06
8.04 23.38 18.06
8.21 23.41 18.02
8.07 23.37 17.98
8.08 23.40 17.88
8.16 23.39 17.92
8.33 23.37 18.30
8.39 23.30 18.31
8.45 23.25 18.36
8.44 23.19 18.43
8.45 23.32 18.15
7.87 23.39 18.44
7.77 23.37 18.50
7.89 23.38 18.36
7.68 23.44 18.44
7.75 23.40 18.39
7.73 23.39 18.21
7.81 23.34 18.26
7.78 23.36 18.15
7.52 23.48 18.36
7.59 23.47 18.42
7.54 23.49 18.27
7.62 23.48 18.30
7.45 23.43 18.36
7.59 23.45 18.22
7.51 23.45 18.10
7.61 23.43 18.05
7.80 23.50 17.88
7.97 23.35 18.04
7.86 23.38 18.14
7.89 23.38 18.00
7.87 23.45 17.78
7.90 23.41 17.90
8.00 23.32 17.97
7.71 23.50 17.88
7.72 23.45 17.99
7.63 23.42 17.96
7.56 23.38 17.97
7.76 23.48 17.72
7.62 23.43 17.66
7.61 23.41 17.70
7.60 23.36 17.81
7.60 23.35 17.85
8.36 23.37 17.82
8.44 23.34 17.86
8.34 23.36 17.91
8.38 23.34 17.75
8.63 23.25 17.79
8.48 23.30 17.77
8.45 23.18 17.67
8.24 23.31 17.71
8.17 23.37 17.84
8.10 23.38 17.81
8.34 23.25 17.68
8.17 23.32 17.59
8.57 23.19 17.35
8.53 23.23 17.28
8.43 23.24 17.32
8.33 23.23 17.42
8.34 23.23 17.51
8.26 23.33 17.22
8.41 23.28 17.24
8.64 23.13 17.67
8.67 23.05 17.63
8.63 23.06 17.60
8.61 23.14 17.41
8.69 23.06 17.54
8.69 23.05 17.56
8.42 23.18 17.56
8.52 23.14 17.44
8.53 23.11 17.55
7.64 23.56 17.37
7.78 23.52 17.26
7.63 23.52 17.47
7.85 23.48 17.32
7.95 23.40 17.74
7.94 23.36 17.57
7.97 23.37 17.40
7.74 23.45 17.47
7.81 23.42 17.57
7.82 23.43 17.50
7.94 23.46 17.26
8.13 23.38 17.19
8.02 23.43 17.03
8.14 23.30 17.39
7.92 23.49 17.14
7.87 23.51 17.21
7.81 23.52 17.09
7.76 23.45 17.01
7.78 23.44 16.93
7.86 23.45 16.96
9.08 23.10 20.12
9.19 23.05 20.09
9.33 23.00 19.90
9.32 23.01 19.98
9.17 23.07 19.98
9.16 23.08 19.80
9.18 23.07 19.80
9.03 23.14 19.99
8.92 23.18 19.93
8.85 23.19 19.90
8.84 23.14 20.01
9.00 23.10 20.10
9.00 23.04 20.16
8.92 23.09 20.10
8.86 22.99 20.11
9.06 23.12 19.83
8.93 23.18 19.75
9.19 22.99 20.15
9.10 22.99 20.19
9.28 22.99 20.11
9.21 22.91 20.16
9.14 22.83 20.21
9.41 22.90 20.07
9.31 22.88 20.12
9.39 22.96 20.03
9.46 22.87 20.00
9.37 22.74 20.12
9.36 22.74 20.12
9.47 22.73 20.07
9.49 22.67 20.11
9.44 22.69 20.17
9.37 22.68 20.18
9.45 22.69 20.17
9.28 22.73 20.14
9.29 22.66 20.16
9.04 22.90 20.21
8.95 22.95 20.17
8.88 22.92 20.14
8.88 22.86 20.20
9.11 22.77 20.28
9.06 22.77 20.30
8.97 22.71 20.38
9.20 22.65 20.19
9.17 22.68 20.25
9.27 23.06 19.57
9.36 22.98 19.73
9.51 22.95 19.44
9.61 22.91 19.50
9.40 22.99 19.38
9.45 22.97 19.50
9.13 23.09 19.69
9.02 23.12 19.63
9.24 23.06 19.47
9.29 23.02 19.33
9.08 23.10 19.39
9.65 22.89 19.79
9.64 22.89 19.80
9.56 22.91 19.75
9.54 22.90 19.84
9.64 22.84 19.87
9.55 22.84 19.90
9.47 22.91 19.90
9.70 22.76 19.87
9.55 22.68 19.94
9.59 22.89 19.68
9.67 22.87 19.72
9.68 22.86 19.73
9.73 22.81 19.77
9.77 22.74 19.63
9.74 22.67 19.84
9.67 22.57 19.85
9.79 22.64 19.78
9.79 22.60 19.70
9.77 22.57 19.71
9.74 22.58 19.79
8.25 23.07 20.45
8.26 22.98 20.31
8.33 23.18 19.99
8.31 23.14 20.08
8.42 23.12 20.04
8.42 23.02 20.16
8.51 23.08 20.06
8.53 22.95 20.16
8.53 22.94 20.16
8.33 23.02 20.19
8.28 23.02 20.21
8.33 22.95 20.26
8.01 23.27 20.27
7.98 23.27 20.28
7.97 23.18 20.29
8.01 23.27 20.09
8.02 23.26 20.10
8.08 23.25 20.21
8.09 23.22 20.14
8.13 23.12 20.29
8.14 23.18 20.05
8.15 23.22 19.95
8.04 23.24 20.03
8.05 23.23 20.03
8.34 23.01 20.51
8.36 22.94 20.54
8.33 22.93 20.36
8.57 22.79 20.52
8.47 22.77 20.67
8.43 22.86 20.53
8.73 22.94 20.24
8.77 22.88 20.28
8.61 22.94 20.19
8.67 22.95 20.27
8.60 22.93 20.25
8.67 22.89 20.33
8.60 22.87 20.31
8.52 22.90 20.24
8.49 22.91 20.25
8.39 22.91 20.30
8.54 22.80 20.32
8.71 22.70 20.43
8.80 22.80 20.29
8.72 22.74 20.36
8.53 22.81 20.40
8.62 22.79 20.33
8.57 22.79 20.34
8.63 22.75 20.38
8.79 23.18 19.80
8.62 23.21 19.77
8.71 23.11 19.88
8.59 23.11 19.93
8.53 23.16 19.88
8.48 23.11 19.97
8.44 23.16 19.90
8.38 23.15 19.92
8.44 23.12 19.96
8.81 23.19 19.70
8.70 23.21 19.74
8.87 23.08 19.59
8.79 23.03 20.03
8.82 22.97 20.08
8.75 22.94 20.06
8.72 23.00 20.00
8.63 22.99 20.03
8.72 22.95 20.05
8.80 22.90 20.13
8.76 22.91 20.17
8.81 22.86 20.22
9.02 22.67 20.92
9.06 22.62 20.87
9.02 22.66 20.96
9.08 22.60 20.98
9.11 22.54 20.74
9.35 22.59 20.54
9.42 22.64 20.36
9.34 22.64 20.33
9.48 22.56 20.42
9.13 22.67 20.42
9.14 22.57 20.56
9.24 22.56 20.51
9.16 22.67 20.34
9.25 22.64 20.39
9.19 22.64 20.28
9.23 22.63 20.30
9.40 22.56 20.57
9.43 22.48 20.62
9.41 22.48 20.63
9.51 22.46 20.57
9.31 22.53 20.60
9.24 22.51 20.59
9.18 22.51 20.60
9.23 22.43 20.75
9.23 22.49 20.99
9.20 22.48 20.89
9.41 22.37 21.11
9.53 22.26 21.21
9.47 22.30 20.99
9.53 22.24 21.13
9.55 22.23 21.14
9.56 22.25 21.00
9.50 22.31 20.82
9.64 22.32 20.59
9.58 22.38 20.54
9.54 22.31 20.65
9.53 22.29 20.74
9.60 22.28 20.69
9.47 22.34 20.70
9.38 22.35 20.75
9.32 22.42 20.72
9.32 22.38 20.80
8.94 22.69 20.88
8.97 22.65 20.82
8.81 22.59 20.88
9.04 22.61 20.68
9.04 22.69 20.49
8.93 22.66 20.64
8.90 22.65 20.43
8.64 22.71 20.67
8.74 22.61 20.78
8.74 22.56 20.88
8.68 22.61 20.82
8.78 22.65 20.57
9.44 22.65 20.26
9.43 22.65 20.27
9.48 22.59 20.31
9.36 22.65 20.25
9.29 22.61 20.24
9.49 22.57 20.15
9.51 22.57 20.09
9.49 22.52 20.17
9.51 22.47 20.20
9.51 22.49 20.10
9.54 22.43 20.14
9.61 22.45 20.34
9.72 22.30 20.36
9.55 22.54 20.01
9.61 22.44 19.98
9.71 22.39 19.84
9.79 22.28 20.12
9.59 22.40 20.08
9.70 22.33 20.07
9.66 22.33 20.14
9.83 22.32 19.84
9.74 22.34 19.90
9.50 22.92 19.27
9.63 22.76 19.21
9.69 22.78 19.40
9.70 22.67 19.19
9.45 22.89 19.19
9.26 22.96 19.16
9.24 22.96 19.06
9.31 22.92 19.11
9.29 22.94 19.00
9.35 22.83 18.98
9.43 22.78 19.03
9.53 22.90 18.84
9.53 22.83 18.87
9.34 22.91 18.92
9.43 22.84 18.92
9.46 22.75 18.97
9.53 22.69 18.93
9.57 22.88 18.77
9.58 22.75 18.83
9.59 22.67 18.88
9.55 22.70 19.03
9.59 22.63 18.98
9.67 22.55 19.05
9.80 22.49 18.94
9.66 22.58 18.85
9.70 22.50 18.99
9.69 22.51 18.89
9.79 22.71 19.56
9.81 22.64 19.60
9.81 22.51 19.57
9.80 22.64 19.42
9.84 22.57 19.46
9.81 22.56 19.28
9.86 22.43 19.35
9.87 22.44 19.44
9.76 22.48 19.66
9.84 22.36 19.65
9.82 22.36 19.74
9.85 22.36 19.56
9.85 22.32 19.49
9.87 22.32 19.59
9.87 22.26 19.53
9.91 22.24 19.55
9.99 22.19 19.52
9.84 22.49 19.14
9.97 22.39 19.23
9.92 22.41 19.29
9.97 22.45 19.00
9.94 22.35 19.33
9.93 22.23 19.45
9.74 22.52 18.81
9.98 22.56 18.71
10.03 22.53 18.65
9.84 22.54 18.70
9.99 22.53 18.82
10.00 22.52 18.44
9.99 22.50 18.47
10.01 22.50 18.56
10.01 22.60 18.25
10.04 22.59 18.17
10.15 22.50 18.35
10.14 22.46 18.45
9.84 22.51 18.40
9.82 22.51 18.49
9.90 22.49 18.53
9.85 22.56 18.29
9.92 22.58 18.31
9.94 22.60 18.22
9.96 22.58 18.15
9.65 22.82 18.64
9.64 22.76 18.53
9.67 22.72 18.61
9.61 22.67 18.43
9.70 22.64 18.47
9.54 22.67 18.40
9.68 22.62 18.75
9.70 22.62 18.57
9.74 22.62 18.32
9.64 22.66 18.35
9.50 22.61 18.29
9.46 22.61 18.31
9.56 22.63 18.34
9.79 22.54 18.19
9.79 22.57 18.27
9.72 22.62 18.22
9.71 22.58 18.14
4.91 24.18 22.77
4.95 24.22 22.58
5.04 24.21 22.53
5.13 24.18 22.58
5.03 24.19 22.63
5.29 24.15 22.47
5.18 24.19 22.41
4.98 24.22 22.41
5.07 24.19 22.28
5.47 24.10 22.29
5.67 24.06 22.20
5.78 24.03 22.17
5.82 23.99 22.02
5.54 24.07 22.06
5.64 24.04 22.02
5.49 24.03 21.96
5.34 24.10 22.15
5.18 24.13 22.07
5.39 24.05 22.01
5.23 24.04 21.95
5.41 24.01 21.95
5.19 24.05 21.79
5.18 24.02 21.85
5.26 23.99 21.90
6.02 24.04 21.13
6.01 24.03 21.17
6.05 24.14 20.86
6.03 24.13 20.95
6.42 23.90 21.40
6.32 23.97 21.38
6.15 23.95 21.40
6.08 23.93 21.40
6.07 23.90 21.43
6.25 23.83 21.49
6.17 23.82 21.51
6.43 23.85 21.04
6.46 23.83 21.06
6.52 23.81 21.19
6.50 23.81 21.36
6.61 23.75 21.16
6.58 23.77 21.26
5.61 24.00 21.84
5.65 24.00 21.68
5.57 24.04 21.62
5.69 23.98 21.88
5.67 24.01 21.59
5.61 23.98 21.49
5.68 23.99 21.33
5.78 23.95 21.39
5.77 23.92 21.49
5.80 23.85 21.53
5.74 23.87 21.59
5.78 23.83 21.71
5.21 24.08 21.66
5.49 24.02 21.61
5.44 23.97 21.52
5.54 23.96 21.47
5.57 24.00 21.28
5.36 23.98 21.49
5.30 24.00 21.36
5.40 24.00 21.31
5.87 24.16 20.88
5.72 24.13 20.83
5.71 24.10 20.93
5.97 24.15 20.82
5.81 24.17 20.76
5.78 23.95 21.21
5.67 23.99 21.24
5.75 23.96 21.28
5.70 23.96 21.17
5.85 24.07 21.07
5.94 23.98 21.20
5.78 24.00 21.13
5.71 24.02 21.04
5.71 23.97 21.11
5.55 23.90 21.14
5.35 24.02 21.16
5.44 23.97 21.16
5.47 23.92 21.10
5.47 23.92 21.10
5.57 23.96 20.97
5.58 23.91 21.04
5.58 23.89 21.06
5.50 23.94 20.96
5.50 23.90 21.03
5.42 23.94 20.98
5.59 24.14 20.69
5.67 24.17 20.65
5.44 24.08 20.65
5.45 24.10 20.60
5.64 24.10 20.86
5.43 24.05 20.76
5.50 24.05 20.82
5.42 24.03 20.81
5.42 24.00 20.87
4.67 24.23 22.68
4.77 24.24 22.59
4.85 24.24 22.45
4.75 24.23 22.30
4.59 24.26 22.43
4.45 24.26 22.47
4.59 24.24 22.62
4.45 24.21 22.58
4.45 24.11 22.70
4.39 24.07 22.64
4.57 24.27 22.33
4.66 24.24 22.19
4.41 24.26 22.31
4.44 24.24 22.20
4.47 24.24 22.08
4.88 24.18 22.21
4.93 24.10 22.08
4.89 24.08 21.96
4.81 24.10 22.04
5.04 24.13 21.66
4.94 24.18 21.60
5.07 24.11 21.95
4.97 24.12 21.91
5.16 24.10 21.72
5.09 24.07 21.80
5.01 24.12 21.74
4.63 24.26 22.08
4.74 24.17 22.07
4.58 24.24 21.98
4.55 24.27 22.05
4.69 24.14 21.98
4.80 24.07 21.96
4.58 24.14 21.84
4.61 24.21 21.64
4.57 24.18 21.73
4.64 24.22 21.47
4.71 24.17 21.52
4.84 24.09 21.78
4.76 24.08 21.85
4.83 24.05 21.89
4.67 24.17 21.68
4.39 24.38 21.52
4.46 24.35 21.60
4.45 24.35 21.61
4.48 24.28 21.65
4.47 24.29 21.66
4.38 24.29 21.69
4.31 24.33 21.56
4.23 24.24 21.65
4.47 24.37 21.52
4.52 24.33 21.55
4.43 24.32 21.43
4.50 24.33 21.46
4.55 24.26 21.41
4.25 24.33 21.45
4.27 24.31 21.38
4.38 24.25 21.36
4.06 24.22 21.69
4.00 24.22 21.59
3.99 24.45 21.12
4.01 24.42 21.23
4.17 24.35 21.41
4.17 24.31 21.47
4.13 24.25 21.54
4.01 24.33 21.41
3.99 24.27 21.47
4.22 24.31 21.27
4.33 24.19 22.38
4.37 24.21 22.19
4.22 24.08 22.28
4.15 24.05 22.26
4.17 24.11 22.11
4.24 24.09 22.19
4.34 24.15 22.47
4.30 23.99 22.53
4.21 24.02 22.39
3.93 24.16 21.97
4.00 24.07 22.11
3.93 24.07 22.12
3.99 24.04 22.21
3.93 24.01 22.19
4.00 23.98 22.27
3.95 23.95 22.24
3.96 23.81 22.30
4.41 24.20 22.03
4.32 24.19 22.05
4.32 24.18 22.09
4.47 24.21 21.86
4.37 24.20 21.83
4.30 24.16 21.82
4.18 24.18 21.95
3.97 24.20 21.86
4.03 24.11 21.99
4.23 24.18 21.72
4.96 24.37 20.89
5.00 24.35 20.91
4.85 24.37 20.98
4.85 24.38 20.84
4.69 24.35 20.98
4.69 24.34 21.00
4.73 24.36 20.80
4.46 24.30 21.00
4.40 24.32 21.06
4.37 24.33 20.95
4.28 24.34 20.98
4.17 24.38 21.03
4.21 24.37 21.06
4.08 24.41 20.99
4.13 24.41 20.83
4.40 24.36 20.77
4.48 24.33 20.81
4.42 24.34 20.70
4.48 24.33 20.72
4.16 24.42 20.65
4.21 24.45 20.75
4.29 24.41 20.80
5.11 24.31 20.79
4.90 24.36 20.78
5.13 24.32 20.61
5.04 24.34 20.57
5.03 24.32 20.66
4.83 24.36 20.75
4.71 24.31 20.59
4.83 24.26 20.52
4.74 24.30 20.47
4.99 24.35 20.45
5.08 24.34 20.41
5.21 24.27 20.49
4.93 24.34 20.34
4.77 24.35 20.31
4.84 24.33 20.40
4.84 24.27 20.46
4.48 24.42 20.37
4.47 24.38 20.47
4.55 24.30 20.58
4.66 24.32 20.46
4.57 24.30 20.50
4.36 24.39 20.56
4.40 24.38 20.40
4.26 24.31 20.37
4.57 24.42 20.35
4.77 24.37 20.18
4.60 24.43 20.18
4.55 24.42 20.07
4.41 24.41 20.30
4.30 24.38 20.18
4.27 24.33 20.28
4.45 24.44 20.12
4.32 24.40 20.00
4.85 24.22 21.21
5.00 24.32 21.01
5.14 24.20 21.07
4.94 24.33 21.05
4.85 24.32 21.08
4.93 24.22 21.19
4.99 24.20 21.34
5.04 24.13 21.48
5.18 24.03 21.49
4.82 24.20 21.36
5.06 24.16 21.20
5.08 24.13 21.31
5.13 24.08 21.26
5.21 24.06 21.12
5.12 24.08 21.35
5.18 24.02 21.40
4.56 24.23 21.34
4.66 24.24 21.29
4.68 24.30 21.10
4.32 24.29 21.22
4.40 24.26 21.28
4.52 24.27 21.10
5.14 24.25 21.00
5.24 24.11 21.02
5.31 23.99 21.01
5.37 23.96 21.04
5.27 24.18 20.64
5.30 24.15 20.75
5.27 24.15 20.59
5.32 24.08 20.61
5.32 24.11 20.50
5.38 24.08 20.58
5.34 24.09 20.79
5.38 24.03 20.83
5.37 24.06 20.64
5.36 24.06 20.72
1.46 24.72 22.76
1.68 24.50 22.85
1.76 24.50 22.90
1.49 24.62 22.90
1.51 24.48 22.97
1.62 24.59 22.79
1.59 24.48 22.91
1.66 24.67 22.58
1.63 24.70 22.65
1.66 24.64 22.69
1.64 24.62 22.51
1.69 24.57 22.55
1.91 24.49 22.67
1.88 24.45 22.77
1.80 24.50 22.71
1.28 24.77 22.76
1.30 24.77 22.68
1.12 24.85 22.62
1.04 24.84 22.62
1.10 24.82 22.74
1.18 24.79 22.80
1.04 24.74 22.77
1.19 24.82 22.70
1.39 24.79 22.61
1.33 24.79 22.50
1.44 24.78 22.54
1.51 24.73 22.41
1.37 24.80 22.33
1.24 24.80 22.55
1.07 24.86 22.46
1.27 24.82 22.37
1.30 24.79 22.30
1.11 24.85 22.29
1.35 24.73 22.89
1.34 24.71 22.95
1.25 24.76 22.90
1.26 24.70 22.96
1.42 24.64 22.96
1.35 24.64 22.99
1.28 24.62 22.97
1.32 24.52 22.94
1.38 24.55 22.98
1.34 24.44 22.95
1.18 24.73 22.89
1.19 24.67 22.93
1.21 24.57 22.91
1.06 24.60 22.85
1.26 24.48 22.89
1.10 24.45 22.88
2.18 24.25 22.88
2.26 24.20 22.93
2.06 24.25 23.01
1.84 24.45 22.96
1.91 24.39 22.99
1.84 24.40 23.02
1.75 24.45 22.99
1.76 24.39 23.03
1.97 24.33 22.85
2.02 24.28 22.90
2.32 24.18 23.06
2.39 24.14 23.01
2.17 24.18 23.01
2.24 24.15 23.08
2.39 24.10 23.11
2.49 23.96 23.13
2.26 24.02 23.18
1.86 24.22 23.19
1.95 24.20 23.18
1.77 24.16 23.29
2.10 24.12 23.09
2.11 23.99 23.17
2.01 23.99 23.20
1.82 24.00 23.30
1.83 23.94 23.34
1.90 23.99 23.25
1.91 23.92 23.29
1.67 24.44 23.00
1.50 24.36 23.08
1.58 24.28 23.23
1.65 24.31 23.10
1.41 24.31 23.19
1.25 24.24 23.25
1.23 24.26 23.33
1.05 24.25 23.39
1.13 24.26 23.38
1.14 24.28 23.29
1.27 24.26 23.15
1.27 24.24 23.17
1.33 24.24 23.26
1.11 24.35 22.97
1.19 24.29 23.07
1.19 24.25 23.14
1.59 24.22 23.29
1.59 24.05 23.47
1.59 24.00 23.56
1.73 24.00 23.33
1.74 23.94 23.39
1.04 24.13 23.59
1.22 24.16 23.49
1.14 24.15 23.50
1.22 24.11 23.55
1.17 24.10 23.56
1.24 23.98 23.65
1.13 24.06 23.65
1.03 24.05 23.71
1.14 23.98 23.69
1.05 23.98 23.72
2.19 24.72 22.31
2.27 24.67 22.36
2.18 24.68 22.41
2.06 24.62 22.52
1.99 24.60 22.49
2.07 24.67 22.38
2.00 24.63 22.37
2.09 24.69 22.30
2.18 24.72 22.22
2.27 24.67 22.27
2.23 24.66 22.08
2.36 24.55 22.27
2.13 24.70 22.11
1.96 24.64 22.17
2.08 24.66 22.02
2.37 24.55 22.00
2.65 24.47 22.00
2.56 24.46 22.02
2.50 24.52 21.98
2.40 24.52 22.03
2.48 24.45 22.04
2.68 24.59 21.71
2.57 24.64 21.67
2.41 24.66 21.70
2.43 24.60 21.82
2.51 24.68 21.60
2.70 24.50 21.88
2.62 24.52 21.93
2.74 24.44 21.92
2.78 24.48 21.80
2.80 24.40 21.81
2.62 24.55 21.82
2.28 24.60 21.94
2.17 24.66 21.97
2.31 24.59 21.85
2.22 24.59 21.88
2.13 24.59 21.89
2.17 24.55 21.83
2.32 24.63 21.76
2.26 24.60 21.66
2.36 24.64 21.58
2.28 24.60 21.58
2.20 24.56 21.65
2.22 24.58 21.51
1.17 24.74 22.22
1.27 24.82 21.65
1.33 24.62 21.94
1.45 24.62 21.89
1.45 24.62 21.89
1.37 24.66 21.82
1.73 24.54 22.49
1.86 24.59 22.33
1.74 24.62 22.28
1.67 24.64 22.35
1.81 24.64 22.13
1.94 24.58 22.00
1.84 24.61 22.04
1.87 24.56 21.99
1.63 24.61 22.14
1.74 24.58 22.11
1.67 24.55 22.10
1.77 24.56 22.04
1.73 24.53 21.95
1.51 24.67 22.26
1.41 24.73 22.28
1.56 24.63 22.11
1.26 24.69 22.24
1.36 24.67 22.18
1.41 24.61 22.07
1.23 24.62 22.08
1.62 24.53 22.00
1.51 24.58 22.03
1.62 24.57 21.89
1.29 24.84 21.55
1.39 24.81 21.51
1.40 24.75 21.64
1.50 24.75 21.49
1.34 24.87 21.29
1.47 24.80 21.37
1.39 24.80 21.15
1.54 24.73 21.34
1.96 24.57 21.93
1.81 24.55 21.88
2.02 24.58 21.76
1.92 24.57 21.73
1.85 24.55 21.71
1.56 24.70 21.65
1.63 24.64 21.68
1.49 24.70 21.69
1.55 24.65 21.73
1.77 24.58 21.67
2.04 24.57 21.60
2.02 24.58 21.67
1.89 24.56 21.54
2.06 24.60 21.45
1.92 24.55 21.40
1.98 24.55 21.49
1.71 24.66 21.52
1.78 24.60 21.39
1.85 24.55 21.44
2.54 24.36 22.51
2.59 24.30 22.56
2.62 24.27 22.40
2.67 24.22 22.54
2.56 24.20 22.72
2.72 24.08 22.59
2.55 24.00 22.86
2.58 23.92 23.04
2.64 24.03 22.70
2.64 23.96 22.73
2.67 23.93 22.67
2.65 23.85 22.87
2.66 23.82 22.80
2.66 23.78 22.73
2.68 24.38 21.99
2.72 24.32 21.88
2.67 24.21 22.27
2.74 24.13 22.42
2.74 24.08 22.26
2.86 24.01 22.07
2.72 24.04 22.18
2.75 24.01 22.12
3.17 23.81 22.46
3.25 23.80 22.49
3.16 23.78 22.55
3.24 23.77 22.59
3.30 23.75 22.35
3.24 23.77 22.32
3.10 23.77 22.45
3.08 23.72 22.46
3.12 23.80 22.35
2.77 24.03 22.48
2.78 23.99 22.41
2.76 24.02 22.30
2.75 23.87 22.36
2.73 23.72 22.60
2.75 23.80 22.39
2.78 23.72 22.44
2.74 23.97 22.22
2.76 23.94 22.15
2.80 23.87 22.17
2.77 23.87 22.19
2.74 23.90 22.25
2.96 23.95 22.10
2.89 23.88 22.14
2.97 23.85 22.18
2.97 23.84 22.22
2.79 23.83 22.27
2.78 23.82 22.31
2.96 23.79 22.30
3.05 23.75 22.35
2.97 23.73 22.35
2.87 23.72 22.38
3.06 23.78 22.25
2.33 24.58 22.50
2.42 24.50 22.49
2.21 24.58 22.56
2.14 24.58 22.58
2.23 24.45 22.63
2.37 24.34 22.64
2.19 24.31 22.72
2.42 24.54 22.39
2.46 24.48 22.43
2.50 24.38 22.40
1.99 24.54 22.56
2.08 24.50 22.61
1.83 24.52 22.54
2.00 24.42 22.66
2.10 24.31 22.75
2.46 24.27 22.71
2.38 24.21 22.79
2.43 24.11 22.95
2.48 24.06 22.99
2.45 24.07 23.02
2.48 24.14 22.80
2.42 24.42 22.17
2.44 24.37 22.29
2.53 24.32 22.35
2.50 24.33 22.15
2.51 24.33 22.06
2.57 24.25 22.12
2.59 24.38 22.02
2.60 24.35 22.00
2.55 24.27 22.01
2.54 24.26 22.02
2.67 24.24 21.89
2.62 24.26 21.95
2.55 24.22 22.04
2.56 24.21 22.05
2.63 24.16 22.10
2.67 24.18 21.92
2.67 24.17 21.94
2.60 24.18 21.98
2.67 24.12 22.02
3.04 24.69 21.47
3.17 24.66 21.32
3.06 24.69 21.38
2.84 24.72 21.55
2.84 24.71 21.56
2.87 24.73 21.40
2.59 24.68 21.57
2.70 24.74 21.40
2.92 24.71 21.23
2.84 24.74 21.19
2.74 24.75 21.24
2.78 24.74 21.07
2.71 24.74 21.14
3.70 24.59 20.94
3.36 24.66 21.24
3.40 24.66 21.05
3.20 24.67 21.17
3.46 24.64 20.83
3.36 24.63 20.89
3.05 24.66 21.12
3.06 24.63 20.96
3.17 24.63 21.00
2.93 24.70 20.97
2.73 24.71 20.98
2.86 24.65 20.87
3.06 24.59 20.79
3.01 24.57 20.69
2.82 24.59 20.79
2.85 24.59 20.62
3.72 24.59 20.86
3.64 24.61 20.82
3.90 24.52 20.78
3.50 24.61 20.68
3.41 24.61 20.74
3.88 24.47 20.52
3.92 24.45 20.55
3.89 24.48 20.61
3.74 24.54 20.53
3.81 24.52 20.57
3.65 24.54 20.40
3.62 24.53 20.31
4.15 24.33 20.33
3.92 24.41 20.38
3.94 24.34 20.24
4.02 24.34 20.27
4.12 24.39 20.11
4.20 24.36 20.20
4.23 24.37 20.07
4.03 24.40 20.15
4.05 24.39 20.08
4.00 24.33 20.00
4.08 24.35 20.02
3.71 24.48 20.27
3.83 24.41 20.26
3.60 24.48 20.14
3.67 24.47 20.08
3.79 24.44 20.05
3.88 24.40 20.10
3.86 24.41 19.82
3.87 24.42 19.91
3.95 24.34 19.88
3.73 24.46 19.92
3.63 24.47 19.97
3.22 24.57 20.50
3.42 24.58 20.38
3.27 24.62 20.22
3.03 24.56 20.61
3.11 24.57 20.64
3.07 24.56 20.45
2.98 24.60 20.41
3.19 24.66 20.18
3.13 24.65 20.07
2.92 24.64 20.26
3.00 24.63 20.30
2.96 24.62 20.11
3.17 24.55 20.40
3.40 24.53 20.13
3.45 24.51 19.98
3.54 24.51 19.92
3.59 24.49 19.77
3.40 24.53 19.80
3.23 24.61 20.03
3.28 24.57 19.89
3.06 24.52 19.82
3.03 24.55 19.90
3.22 24.56 19.78
3.35 24.53 19.66
3.25 24.54 19.53
3.27 24.55 19.62
3.30 24.49 19.58
3.17 24.59 19.64
3.16 24.58 19.66
3.10 24.51 19.66
3.12 24.60 19.45
3.11 24.59 19.50
2.44 24.77 21.39
2.44 24.76 21.44
2.52 24.76 21.42
2.36 24.71 21.38
2.31 24.63 21.41
2.37 24.63 21.51
2.54 24.75 21.34
2.57 24.71 21.28
2.40 24.71 21.30
2.33 24.67 21.29
2.18 24.75 21.11
2.10 24.74 21.18
2.10 24.77 21.07
2.17 24.69 21.23
2.14 24.67 21.37
2.07 24.65 21.36
2.27 24.66 21.19
2.59 24.70 21.20
2.53 24.63 21.21
2.38 24.62 21.15
2.46 24.61 21.19
2.63 24.73 21.02
2.53 24.65 21.02
2.55 24.65 21.12
2.48 24.59 21.10
2.41 24.58 21.10
2.41 24.57 21.10
2.44 24.53 21.01
2.20 24.73 21.04
2.25 24.67 20.99
2.19 24.61 20.90
2.31 24.64 21.08
2.36 24.54 21.00
2.27 24.59 20.95
2.59 24.65 20.95
2.62 24.58 20.90
2.72 24.57 20.86
2.52 24.61 20.95
2.50 24.56 20.87
2.45 24.56 20.94
2.57 24.52 20.82
2.50 24.51 20.77
2.51 24.63 20.57
2.60 24.60 20.61
2.63 24.61 20.44
2.61 24.63 20.52
2.65 24.53 20.75
2.74 24.55 20.78
2.76 24.58 20.64
2.51 24.55 20.67
2.59 24.52 20.74
2.32 24.58 20.79
2.30 24.55 20.88
2.22 24.56 20.85
2.26 24.55 20.69
2.43 24.54 20.68
2.46 24.63 20.46
2.38 24.60 20.44
2.31 24.62 20.36
2.30 24.62 20.40
2.43 24.59 20.60
2.53 24.60 20.41
2.37 24.61 20.49
2.30 24.54 20.55
2.28 24.52 20.62
1.87 24.74 21.00
1.92 24.77 21.10
1.97 24.73 20.95
2.00 24.67 20.90
1.84 24.64 20.76
1.85 24.65 20.85
1.50 24.75 21.13
1.56 24.69 20.95
1.54 24.77 20.59
1.70 24.69 20.74
1.90 24.73 21.24
1.91 24.77 21.15
1.83 24.73 21.17
1.84 24.65 21.28
2.00 24.58 21.40
1.62 24.73 21.18
1.76 24.69 21.16
1.71 24.69 21.23
1.80 24.68 21.00
1.67 24.67 21.04
1.74 24.64 21.00
2.08 24.68 20.93
2.04 24.59 20.86
2.12 24.58 20.87
1.96 24.61 20.82
1.78 24.63 20.92
1.97 24.78 20.11
2.05 24.70 20.28
1.75 24.79 20.39
1.81 24.74 20.44
1.67 24.80 20.36
1.65 24.78 20.44
1.80 24.80 20.22
1.82 24.81 20.07
1.64 24.76 20.18
1.65 24.80 20.08
1.88 24.75 20.27
2.08 24.52 20.78
2.01 24.53 20.69
1.71 24.73 20.63
1.83 24.64 20.58
1.95 24.57 20.56
2.22 24.67 20.35
2.05 24.66 20.37
2.21 24.58 20.49
2.21 24.51 20.60
2.04 24.57 20.51
1.97 24.64 20.37
1.88 24.64 20.39
2.81 24.58 20.43
2.77 24.57 20.26
2.76 24.55 20.33
2.61 24.64 20.15
2.68 24.60 20.19
2.60 24.56 20.31
2.69 24.54 20.31
2.78 24.61 20.18
2.88 24.65 20.06
2.70 24.66 20.08
2.70 24.65 20.11
2.65 24.70 19.88
2.44 24.53 20.31
2.36 24.57 20.26
2.46 24.61 20.10
2.46 24.60 20.11
2.39 24.56 20.10
2.42 24.55 20.20
2.58 24.72 19.83
2.58 24.71 19.92
2.48 24.71 19.88
2.41 24.67 19.88
2.43 24.68 19.79
2.47 24.68 19.99
2.41 24.58 20.01
2.76 24.67 19.83
2.72 24.64 19.73
2.91 24.50 19.78
2.87 24.40 19.72
3.06 24.53 19.46
3.05 24.45 19.60
2.97 24.41 19.66
2.94 24.36 19.47
2.92 24.34 19.58
2.52 24.69 19.74
2.58 24.61 19.61
2.68 24.48 19.61
2.78 24.45 19.69
2.55 24.56 19.43
2.63 24.54 19.48
2.61 24.46 19.32
2.68 24.40 19.46
2.68 24.43 19.36
2.74 24.36 19.60
2.81 24.35 19.67
2.72 24.34 19.51
2.73 24.38 19.40
2.79 24.33 19.46
2.86 24.29 19.54
2.79 24.29 19.56
2.85 24.29 19.58
2.17 24.66 20.15
2.26 24.64 20.20
2.31 24.58 20.06
2.15 24.65 19.97
2.26 24.65 19.83
2.33 24.61 19.96
2.11 24.64 19.78
1.97 24.74 19.86
1.87 24.78 19.89
1.81 24.77 19.78
1.78 24.79 19.86
1.94 24.73 19.67
2.05 24.66 19.65
1.77 24.79 19.58
2.39 24.63 19.67
2.37 24.63 19.52
2.21 24.66 19.62
2.29 24.60 19.41
2.25 24.72 19.07
2.40 24.56 19.38
2.42 24.49 19.23
2.53 24.48 19.28
2.25 24.55 19.23
2.24 24.56 19.32
2.27 24.53 19.25
2.33 24.54 19.18
2.35 24.50 19.27
2.10 24.67 19.40
1.93 24.71 19.49
1.82 24.73 19.45
1.95 24.67 19.34
2.10 24.74 18.97
2.09 24.70 19.06
1.90 24.71 19.12
2.02 24.70 18.99
2.19 24.61 19.19
2.17 24.61 19.20
2.16 24.60 19.27
2.08 24.62 19.23
3.48 24.63 21.48
3.56 24.60 21.52
3.37 24.59 21.62
3.24 24.59 21.68
3.30 24.54 21.72
3.30 24.66 21.49
3.68 24.58 21.39
3.69 24.51 21.52
3.77 24.57 21.26
3.82 24.47 21.40
3.91 24.45 21.31
3.52 24.63 21.31
3.62 24.62 21.24
3.63 24.46 21.61
3.83 24.27 21.86
3.57 24.31 21.88
3.66 24.26 21.90
3.58 24.25 21.92
3.63 24.31 21.68
3.60 24.31 21.76
3.70 24.28 21.72
3.68 24.29 21.80
3.30 24.41 21.83
3.50 24.33 21.80
3.50 24.29 21.86
3.49 24.20 21.86
3.43 24.26 21.83
3.69 24.40 21.57
3.84 24.34 21.48
3.80 24.26 21.69
3.82 24.25 21.60
3.72 24.28 21.64
3.10 24.63 21.63
2.96 24.69 21.62
3.19 24.53 21.77
3.00 24.59 21.76
3.12 24.66 21.51
2.85 24.62 21.70
2.68 24.65 21.62
2.85 24.55 21.74
3.13 24.39 21.85
3.03 24.45 21.83
2.98 24.34 21.81
3.26 24.26 21.83
3.20 24.19 21.84
3.11 24.21 21.84
2.89 24.40 21.78
2.84 24.30 21.78
2.76 24.30 21.81
2.75 24.29 21.81
2.93 24.25 21.82
3.01 24.12 21.89
2.86 24.22 21.80
2.78 24.21 21.79
2.73 24.22 21.83
2.87 24.20 21.80
2.88 24.09 21.88
2.79 24.15 21.85
3.83 24.22 21.95
3.77 24.04 22.13
