20.52 14.09 0.28
20.53 14.11 0.37
20.40 14.25 0.27
20.45 14.07 0.19
20.20 14.51 0.38
20.21 14.36 0.42
20.42 14.25 0.37
20.35 14.29 0.33
20.39 14.27 0.44
20.32 14.30 0.40
20.45 14.19 0.50
20.10 14.74 0.55
20.14 14.64 0.59
20.02 14.82 0.70
20.12 14.58 0.68
20.08 14.68 0.79
20.11 14.62 0.85
20.41 14.19 0.75
20.37 14.26 0.70
20.44 14.22 0.86
20.43 14.21 0.84
20.40 14.29 0.81
20.26 14.49 0.99
20.28 14.40 0.96
20.39 14.32 0.97
20.43 14.25 1.01
20.41 14.30 0.90
20.34 14.32 0.86
20.31 14.34 0.92
20.16 14.46 0.50
20.24 14.35 0.53
20.15 14.49 0.63
20.15 14.47 0.54
20.16 14.41 0.65
20.17 14.39 0.57
20.36 14.25 0.66
20.24 14.36 0.70
20.12 14.50 0.70
20.07 14.44 0.78
20.11 14.43 0.71
20.07 14.52 0.76
20.20 14.36 0.79
20.20 14.45 0.94
20.13 14.43 0.90
20.06 14.53 0.84
20.06 14.45 0.86
20.05 14.46 0.85
20.81 13.57 0.28
20.79 13.60 0.26
20.81 13.51 0.29
20.83 13.51 0.21
20.77 13.64 0.42
20.82 13.55 0.38
20.77 13.49 0.37
20.73 13.50 0.44
20.66 13.84 0.50
20.73 13.77 0.65
20.73 13.67 0.58
20.77 13.70 0.68
20.74 13.66 0.50
20.69 13.73 0.47
20.70 13.71 0.46
20.83 13.55 0.75
20.93 13.47 0.76
20.87 13.44 0.70
20.75 13.58 0.52
20.70 13.50 0.51
20.71 13.59 0.58
20.71 13.53 0.65
20.70 13.52 0.59
20.66 13.44 0.59
20.63 13.93 0.29
20.53 14.02 0.21
20.54 13.99 0.20
20.63 13.88 0.21
20.41 13.97 0.11
20.71 13.75 0.19
20.67 13.78 0.16
20.68 13.74 0.14
20.74 13.67 0.22
20.74 13.66 0.14
20.70 13.78 0.27
20.69 13.84 0.25
20.70 13.77 0.27
20.67 13.69 0.27
20.61 13.70 0.32
20.54 13.73 0.10
20.50 13.82 0.14
20.42 13.82 0.13
20.56 14.02 0.32
20.57 13.96 0.43
20.52 14.05 0.47
20.65 13.87 0.40
20.64 13.80 0.41
20.64 13.79 0.39
20.64 13.72 0.41
20.82 13.59 0.19
20.80 13.57 0.12
20.81 13.49 0.12
20.80 13.49 0.11
20.69 13.48 0.06
20.78 13.43 0.18
20.73 13.41 0.11
20.73 13.34 0.14
20.74 13.31 0.12
20.77 13.41 0.21
20.75 13.35 0.21
20.66 13.56 0.05
20.58 13.48 0.04
20.49 13.48 0.06
20.46 13.57 0.10
20.66 13.40 0.08
20.66 13.33 0.10
20.49 13.32 0.07
20.67 13.66 0.36
20.70 13.44 0.34
20.70 13.36 0.36
20.69 13.38 0.35
20.67 13.47 0.41
20.63 13.41 0.48
20.64 13.40 0.41
20.87 13.57 0.85
20.87 13.54 1.05
20.67 13.88 1.13
20.64 13.95 1.10
20.72 13.79 1.09
20.61 13.98 1.26
20.60 13.83 1.28
20.86 13.62 1.38
20.70 13.73 1.18
20.76 13.64 1.14
20.62 13.75 1.30
20.72 13.65 1.30
20.52 14.09 0.55
20.47 14.09 0.66
20.45 14.03 0.72
20.43 14.10 0.68
20.39 14.05 0.83
20.40 14.11 0.76
20.48 13.94 0.84
20.41 14.01 0.78
20.72 13.80 0.81
20.66 13.87 0.68
20.78 13.72 0.77
20.62 13.89 0.92
20.66 13.84 0.86
20.73 13.78 0.91
20.68 13.84 0.97
20.59 13.89 0.81
20.56 13.90 0.89
20.55 13.90 0.88
20.58 14.02 1.05
20.59 13.99 0.97
20.66 13.93 1.02
20.47 14.10 1.06
20.41 14.15 0.93
20.39 14.07 0.94
20.39 14.05 0.85
20.40 14.08 0.97
20.48 14.03 0.99
20.43 13.99 0.92
20.45 13.97 0.90
20.42 13.98 0.88
19.94 14.86 0.88
19.98 14.85 0.82
19.96 14.88 0.80
19.92 14.93 1.04
20.03 14.81 1.03
19.79 15.13 1.01
19.82 15.05 1.05
19.76 15.08 1.14
19.78 15.07 1.29
19.76 15.04 1.34
19.73 15.11 1.26
19.90 14.95 1.25
19.96 14.85 1.17
19.85 14.94 1.36
19.83 14.97 1.34
19.75 14.97 1.36
20.26 14.50 1.05
20.21 14.51 1.08
20.17 14.49 1.00
20.13 14.48 1.07
20.20 14.55 1.27
20.07 14.60 1.16
20.16 14.52 1.17
20.10 14.52 1.13
20.07 14.63 0.92
20.06 14.71 0.90
20.05 14.74 1.06
19.99 14.60 0.97
20.03 14.56 0.91
20.10 14.44 0.97
20.06 14.45 1.04
20.03 14.43 0.94
19.99 14.47 0.91
19.93 14.48 0.96
20.02 14.59 1.09
20.02 14.52 1.10
19.98 14.57 1.01
19.96 14.50 1.05
20.10 14.73 1.36
20.09 14.67 1.28
20.04 14.82 1.40
20.02 14.83 1.38
20.12 14.65 1.39
20.17 14.60 1.52
20.05 14.69 1.52
20.05 14.68 1.52
19.64 15.31 1.44
19.60 15.34 1.41
19.62 15.29 1.37
19.66 15.23 1.47
19.63 15.21 1.38
19.63 15.25 1.53
19.71 15.05 1.35
19.67 15.10 1.32
19.66 15.06 1.41
19.64 15.13 1.38
19.70 15.12 1.60
19.68 15.08 1.48
19.63 15.17 1.55
19.60 15.36 1.67
19.56 15.41 1.55
19.56 15.44 1.82
19.52 15.45 1.71
19.40 15.54 1.76
19.73 15.14 1.79
19.59 15.27 1.62
19.64 15.19 1.65
19.63 15.31 1.80
19.98 14.87 1.63
19.94 14.92 1.69
19.96 14.83 1.80
20.08 14.60 1.65
20.10 14.66 1.78
20.03 14.73 1.72
20.02 14.69 1.59
20.12 14.67 1.92
20.05 14.69 1.88
19.98 14.75 1.83
19.87 15.01 1.81
19.92 14.92 1.85
19.88 14.86 1.94
19.92 14.89 2.08
19.76 15.04 2.01
19.87 14.95 2.00
19.87 14.95 2.00
20.04 14.69 2.06
20.01 14.78 2.11
20.01 14.68 1.96
19.94 14.73 1.91
19.91 14.76 1.88
19.95 14.80 2.04
19.90 14.79 1.98
19.97 14.71 2.02
19.96 14.71 2.01
19.90 14.76 1.97
19.91 14.93 1.58
19.85 15.04 1.70
19.82 15.01 1.56
19.99 14.77 1.56
19.95 14.87 1.52
19.77 14.97 1.49
19.69 14.99 1.47
19.70 14.95 1.46
19.74 14.93 1.40
19.71 14.97 1.37
19.67 14.99 1.43
19.72 15.10 1.97
20.60 14.02 1.42
20.63 13.95 1.46
20.64 13.93 1.37
20.62 13.87 1.47
20.62 13.87 1.46
20.54 14.08 1.56
20.65 13.89 1.57
20.62 13.98 1.60
20.80 13.64 1.52
20.75 13.70 1.57
20.73 13.82 1.63
20.73 13.77 1.73
20.69 13.72 1.52
20.72 13.67 1.47
20.65 13.70 1.43
20.50 14.15 1.63
20.43 14.23 1.74
20.58 14.02 1.77
20.50 14.11 1.80
20.57 14.00 1.86
20.68 13.92 1.85
20.72 13.86 1.78
20.68 13.89 1.94
20.73 13.78 1.81
20.32 14.39 2.01
20.34 14.29 1.92
20.36 14.24 1.88
20.40 14.24 2.08
20.27 14.50 2.13
20.24 14.53 2.29
20.33 14.43 2.18
20.37 14.27 2.20
20.40 14.30 2.34
20.35 14.39 2.39
20.57 14.02 2.04
20.59 14.04 2.23
20.53 14.12 2.27
20.45 14.14 1.95
20.45 14.17 2.12
20.65 13.95 2.19
20.64 13.93 2.10
20.66 13.78 2.14
20.67 13.80 2.23
20.65 13.91 2.37
20.68 13.82 2.32
20.68 13.89 2.30
20.53 14.11 2.45
20.42 14.25 2.45
20.58 14.00 2.41
20.64 13.84 2.45
20.59 13.91 2.53
20.66 13.90 2.74
20.55 14.05 2.65
20.35 14.35 1.12
20.27 14.46 1.24
20.48 14.14 1.24
20.42 14.23 1.28
20.38 14.32 1.33
20.40 14.20 1.46
20.39 14.17 1.37
20.30 14.47 1.43
20.30 14.44 1.62
20.36 14.30 1.59
19.99 14.42 1.01
20.55 14.07 1.30
20.47 14.13 1.51
20.51 14.09 1.45
20.48 14.10 1.43
20.44 14.13 1.40
20.60 13.85 1.37
20.58 13.83 1.36
20.57 13.79 1.46
20.57 13.77 1.37
20.32 14.41 1.73
20.19 14.58 1.80
20.19 14.58 1.80
20.22 14.51 1.92
20.23 14.44 1.85
20.18 14.61 1.97
20.12 14.65 2.11
21.54 12.37 0.49
21.54 12.38 0.48
21.55 12.36 0.45
21.52 12.44 0.46
21.56 12.28 0.43
21.57 12.26 0.35
21.56 12.28 0.45
21.50 12.39 0.56
21.47 12.40 0.62
21.43 12.47 0.59
21.55 12.33 0.68
21.57 12.34 0.60
21.63 12.25 0.65
21.60 12.20 0.74
21.72 12.10 0.71
21.74 12.12 0.83
21.78 12.06 0.77
21.64 12.15 0.59
21.63 12.23 0.56
21.64 12.14 0.51
21.55 12.20 0.44
21.98 11.75 0.59
21.92 11.80 0.54
21.95 11.73 0.51
21.89 11.72 0.46
21.98 11.67 0.60
21.95 11.59 0.61
21.95 11.66 0.53
21.88 11.65 0.48
21.72 11.67 0.20
21.84 11.51 0.21
21.79 11.55 0.17
21.81 11.49 0.13
21.75 11.59 0.23
21.82 11.52 0.28
21.78 11.84 0.46
21.71 11.87 0.42
21.75 11.80 0.36
21.81 11.79 0.41
21.71 11.76 0.26
21.66 11.85 0.30
21.82 11.64 0.44
21.82 11.71 0.41
21.77 11.62 0.35
21.88 11.82 0.61
21.80 12.05 0.87
21.88 11.88 0.95
21.83 11.90 0.92
21.80 11.88 0.82
21.94 11.76 0.65
21.93 11.69 0.67
21.84 11.70 0.70
21.95 11.61 0.69
21.90 11.63 0.75
21.81 11.66 0.79
21.97 11.77 1.03
21.94 11.84 1.01
21.97 11.76 0.98
21.94 11.84 1.00
21.91 11.82 0.91
21.91 11.74 0.92
21.95 11.71 1.03
21.89 11.68 0.98
21.84 11.74 0.90
21.79 11.73 0.85
21.78 11.73 0.84
21.83 11.66 0.92
21.84 11.62 0.90
21.81 11.65 0.88
21.74 12.01 0.67
21.69 11.92 0.63
21.68 11.90 0.48
21.68 11.91 0.57
21.64 11.98 0.53
21.81 11.77 0.67
21.81 11.83 0.58
21.72 11.84 0.61
21.76 11.78 0.73
21.73 11.86 0.70
21.39 12.66 0.70
21.48 12.61 0.85
21.45 12.70 0.90
21.37 12.73 1.04
21.49 12.62 1.04
21.39 12.74 0.86
21.32 12.78 1.00
21.45 12.49 0.68
21.56 12.36 0.79
21.50 12.39 0.73
21.51 12.46 0.90
21.53 12.56 0.98
21.52 12.40 1.01
21.56 12.52 1.18
21.55 12.51 1.11
21.56 12.42 1.12
21.24 12.96 1.28
21.28 12.93 1.39
21.30 12.86 1.24
21.18 12.89 1.08
21.14 13.08 1.29
21.47 12.61 1.21
21.43 12.62 1.27
21.42 12.68 1.53
21.45 12.66 1.46
21.50 12.57 1.38
21.55 12.47 1.31
21.54 12.50 1.45
21.50 12.59 1.50
21.42 12.53 1.56
21.37 12.66 1.10
21.35 12.65 1.13
21.33 12.67 1.12
21.30 12.74 1.09
21.32 12.69 1.20
21.30 12.76 1.17
21.35 12.80 1.37
21.35 12.79 1.29
21.70 12.10 1.08
21.73 12.03 1.11
21.75 12.01 1.04
21.73 12.15 1.36
21.63 12.15 1.21
21.59 12.22 1.27
21.72 12.04 1.19
21.59 12.20 0.82
21.55 12.32 0.99
21.72 12.08 1.01
21.67 12.19 0.95
21.57 12.37 1.22
21.60 12.32 1.07
21.61 12.28 1.17
21.64 12.19 1.12
21.57 12.29 1.24
21.60 12.20 1.18
21.90 11.87 1.15
21.88 11.90 1.13
21.83 11.89 1.22
21.88 11.72 1.17
21.84 11.66 1.07
21.93 11.80 1.18
21.87 11.72 1.17
21.80 11.98 1.43
21.86 11.75 1.33
21.85 11.83 1.31
21.90 11.80 1.53
21.66 12.28 1.47
21.59 12.35 1.42
21.63 12.26 1.37
21.56 12.31 1.32
21.77 12.16 1.46
21.61 12.30 1.62
21.62 12.32 1.71
21.55 12.37 1.67
21.68 12.21 1.59
21.63 12.24 1.73
21.60 12.35 1.51
21.55 12.37 1.57
21.52 12.39 1.55
21.55 12.43 1.47
21.47 12.44 1.52
21.48 12.38 1.63
21.48 12.38 1.63
21.41 12.42 1.58
21.40 12.45 1.57
21.79 12.05 1.59
21.91 11.82 1.62
21.85 11.89 1.57
21.85 11.88 1.53
21.73 12.15 1.72
21.81 12.01 1.79
21.88 11.85 1.78
21.88 11.89 1.95
21.12 13.09 0.28
21.05 13.10 0.24
21.02 13.15 0.30
20.95 13.19 0.26
20.88 13.31 0.37
21.02 13.17 0.46
21.19 13.01 0.34
21.20 12.98 0.32
21.17 13.05 0.32
21.14 13.04 0.26
21.14 12.96 0.27
21.20 12.92 0.45
21.06 13.08 0.43
21.10 13.01 0.47
21.07 13.04 0.23
21.07 12.96 0.24
20.99 13.03 0.20
21.05 12.88 0.29
20.99 12.88 0.24
21.41 12.47 0.19
21.44 12.42 0.15
21.47 12.53 0.41
21.37 12.55 0.26
21.32 12.57 0.32
21.24 12.62 0.18
21.26 12.63 0.28
21.19 12.69 0.23
21.16 12.67 0.13
21.09 12.69 0.09
21.15 12.71 0.20
21.12 12.72 0.19
21.09 12.72 0.24
21.05 12.75 0.14
21.34 12.46 0.16
21.26 12.52 0.12
21.31 12.55 0.19
21.18 12.52 0.08
21.11 12.52 0.08
21.11 12.44 0.09
21.20 12.85 0.47
21.15 12.81 0.63
21.21 12.70 0.54
21.43 12.51 0.49
21.36 12.55 0.44
21.36 12.54 0.53
21.23 12.62 0.52
21.26 12.56 0.47
21.21 12.60 0.44
21.35 12.64 0.63
21.26 12.70 0.62
21.18 12.83 0.40
21.11 12.75 0.38
21.16 12.69 0.46
21.16 12.67 0.39
21.12 12.70 0.37
21.09 12.72 0.26
21.00 12.80 0.24
21.02 12.77 0.21
21.04 12.82 0.33
21.05 12.72 0.33
21.04 12.73 0.32
21.01 12.81 0.29
20.92 13.18 0.15
20.93 13.10 0.14
20.84 13.25 0.11
20.78 13.25 0.06
20.88 13.16 0.05
20.87 13.08 0.08
20.81 13.15 0.02
20.80 13.08 0.06
20.81 13.28 0.16
20.81 13.31 0.34
20.77 13.01 0.12
20.93 12.94 0.17
20.68 13.24 0.07
20.69 13.09 0.09
20.58 13.25 0.10
20.74 12.86 0.13
20.68 12.94 0.14
20.51 13.01 0.11
20.95 12.82 0.16
20.92 12.75 0.07
20.94 12.68 0.04
20.84 12.68 0.06
21.05 12.45 0.12
21.00 12.53 0.11
20.93 12.53 0.12
20.92 12.45 0.12
20.57 12.76 0.06
20.76 12.61 0.11
20.64 12.61 0.11
20.66 12.53 0.10
20.75 12.45 0.11
21.02 13.34 0.53
20.97 13.36 0.59
21.05 13.26 0.57
21.01 13.28 0.63
20.98 13.37 0.51
21.00 13.33 0.47
20.91 13.36 0.47
20.94 13.36 0.58
21.06 13.19 0.56
21.02 13.21 0.65
20.98 13.32 0.79
20.95 13.38 0.72
20.95 13.31 0.74
20.95 13.30 0.69
20.91 13.34 0.65
20.84 13.34 0.62
20.89 13.38 0.68
20.80 13.41 0.67
20.81 13.37 0.65
20.99 13.15 0.74
20.96 13.22 0.71
20.94 13.24 0.78
20.85 13.34 0.53
20.84 13.33 0.44
20.82 13.33 0.48
20.80 13.34 0.51
20.74 13.33 0.48
20.77 13.32 0.40
20.73 13.33 0.47
20.66 13.36 0.43
20.73 13.39 0.64
20.75 13.36 0.62
20.70 13.36 0.54
21.01 13.34 0.89
21.00 13.42 0.87
21.00 13.40 0.80
20.99 13.36 0.96
20.94 13.18 0.89
20.98 13.39 1.13
20.97 13.22 1.07
21.11 13.05 0.65
21.08 13.06 0.72
21.09 12.89 0.67
20.96 13.09 0.83
21.03 12.93 0.85
21.22 12.76 0.86
21.20 12.75 0.76
21.15 12.82 0.81
21.14 12.88 0.97
21.08 12.89 0.93
20.91 13.02 0.91
20.92 13.05 1.02
20.91 13.04 0.99
21.11 12.89 1.04
21.11 12.90 1.04
21.04 12.90 1.00
21.07 12.94 1.10
20.93 12.97 1.03
20.97 12.92 0.96
20.93 12.97 1.02
20.92 12.95 0.93
21.00 13.17 1.20
20.97 13.07 1.11
20.97 13.05 1.11
20.98 12.99 1.10
21.59 12.24 0.24
21.54 12.18 0.35
21.47 12.11 0.32
21.41 12.09 0.28
21.40 12.07 0.30
21.38 12.02 0.35
21.37 12.37 0.12
21.30 12.21 0.11
21.22 12.36 0.07
21.13 12.28 0.09
21.37 12.11 0.18
21.28 12.06 0.18
21.32 11.98 0.18
21.30 12.02 0.16
21.33 11.97 0.12
21.33 12.03 0.27
21.33 11.98 0.28
21.24 12.05 0.12
21.21 12.13 0.14
21.23 12.05 0.12
21.27 11.96 0.06
21.69 11.81 0.13
21.71 11.73 0.11
21.70 11.72 0.08
21.64 11.80 0.06
21.65 11.71 0.05
21.62 11.71 0.04
21.65 11.86 0.20
21.61 11.87 0.09
21.54 11.80 0.07
21.48 11.72 0.06
21.47 11.72 0.06
21.44 11.81 0.11
21.72 11.57 0.13
21.70 11.64 0.10
21.66 11.64 0.06
21.65 11.56 0.09
21.73 11.49 0.12
21.61 11.63 0.05
21.48 11.64 0.07
21.47 11.65 0.07
21.52 11.50 0.19
21.44 11.58 0.15
21.43 11.51 0.19
21.54 11.89 0.23
21.54 11.92 0.40
21.47 11.92 0.37
21.44 11.88 0.27
21.37 11.88 0.23
21.40 11.84 0.17
21.38 11.93 0.32
21.38 11.72 0.06
21.35 11.89 0.13
21.34 11.81 0.13
21.33 11.81 0.14
21.29 11.73 0.13
21.27 11.88 0.07
21.25 11.81 0.13
21.20 11.87 0.05
21.19 11.80 0.08
21.24 11.74 0.17
21.16 11.74 0.14
21.39 11.64 0.06
21.37 11.60 0.11
21.35 11.58 0.15
21.34 11.50 0.18
21.33 11.64 0.08
21.28 11.64 0.10
21.19 11.66 0.10
21.29 11.57 0.10
21.23 11.48 0.06
20.98 12.27 0.03
20.96 12.19 0.03
21.09 12.11 0.04
21.01 12.03 0.03
20.93 12.04 0.05
20.93 11.96 0.07
20.88 11.97 0.12
21.04 11.88 0.06
21.00 11.81 0.11
21.10 11.73 0.10
20.91 11.75 0.11
20.93 11.72 0.08
21.11 11.64 0.05
21.18 11.55 0.02
21.16 11.55 0.02
21.16 11.49 0.03
21.16 11.47 0.03
21.07 11.48 0.07
21.07 11.56 0.05
21.04 11.56 0.06
20.95 11.64 0.06
20.90 11.50 0.16
20.85 11.76 0.07
20.87 11.71 0.03
20.78 11.75 0.03
20.79 11.71 0.01
20.88 11.63 0.03
20.72 11.71 0.01
20.71 11.63 0.01
20.79 11.56 0.05
21.50 12.12 0.43
21.47 11.96 0.45
21.01 12.37 0.13
21.02 12.36 0.12
20.91 12.36 0.06
20.86 12.05 0.10
20.86 12.12 0.08
20.77 12.36 0.08
20.62 12.36 0.04
20.80 12.20 0.06
20.71 12.19 0.08
20.80 12.05 0.10
20.73 12.04 0.06
20.79 11.98 0.13
20.72 11.97 0.10
20.62 11.97 0.11
20.87 11.92 0.23
20.84 11.95 0.21
20.88 11.84 0.25
20.84 11.79 0.24
20.82 11.92 0.26
20.78 11.85 0.29
20.74 11.78 0.28
20.74 11.78 0.10
20.63 11.79 0.13
20.67 11.77 0.06
20.66 11.85 0.31
20.67 11.91 0.21
20.63 11.87 0.29
20.60 11.91 0.17
20.56 11.86 0.26
20.60 11.81 0.20
20.59 11.83 0.19
20.54 11.84 0.25
20.77 11.76 0.21
20.72 11.77 0.27
20.66 11.78 0.33
20.64 11.70 0.33
20.68 11.75 0.21
20.67 11.74 0.25
20.63 11.76 0.22
20.64 11.69 0.31
20.58 11.76 0.23
20.59 11.68 0.25
20.56 11.60 0.31
20.62 11.86 0.31
20.51 11.86 0.35
20.57 11.81 0.45
20.56 11.82 0.44
20.48 11.80 0.44
20.62 11.64 0.43
20.62 11.63 0.36
20.59 11.57 0.43
20.50 11.56 0.44
20.52 11.55 0.39
20.60 11.73 0.49
20.53 11.74 0.52
20.50 11.74 0.52
20.59 11.66 0.50
20.54 11.66 0.52
20.56 11.60 0.49
20.45 11.64 0.52
20.49 11.58 0.46
20.91 13.48 1.17
20.93 13.48 1.27
20.86 13.54 1.22
20.98 13.44 1.35
20.98 13.36 1.36
20.94 13.42 1.27
20.93 13.35 1.29
20.94 13.41 1.20
20.92 13.33 1.21
20.91 13.56 1.51
20.97 13.47 1.47
21.12 13.15 1.49
21.14 13.13 1.45
21.07 13.18 1.41
20.98 13.28 1.34
20.94 13.26 1.23
21.01 13.32 1.53
21.12 13.16 1.53
21.06 13.20 1.58
21.04 13.23 1.47
21.03 13.34 1.63
21.03 13.26 1.63
21.09 13.20 1.70
20.92 13.46 1.80
20.89 13.52 1.69
20.81 13.64 1.89
20.85 13.63 1.73
20.92 13.48 1.90
21.04 13.29 1.73
21.04 13.32 1.90
21.07 13.27 2.02
21.02 13.36 2.06
21.19 13.05 1.41
21.26 13.00 1.55
21.17 13.14 1.56
21.22 13.02 1.62
21.14 13.05 1.75
21.20 12.98 1.79
21.20 12.96 1.71
21.35 12.84 1.54
21.43 12.71 1.66
21.39 12.77 1.56
21.33 12.86 1.62
21.38 12.73 1.75
21.38 12.79 1.66
21.29 12.89 1.77
21.36 12.73 1.75
21.30 12.82 1.79
21.26 12.76 1.87
21.28 12.74 1.80
21.12 13.14 1.81
21.11 13.08 1.90
21.19 13.04 2.23
21.15 13.05 2.11
21.08 13.17 1.95
21.02 13.21 2.10
21.05 13.11 2.05
21.01 13.13 2.11
21.05 13.10 2.14
21.09 13.07 2.07
21.37 12.81 2.11
21.32 12.89 2.15
21.24 12.93 1.92
21.27 12.97 2.10
21.22 12.95 2.02
21.26 12.87 2.03
21.25 12.86 1.98
21.25 12.77 1.95
21.35 12.84 2.26
20.78 13.58 1.98
20.72 13.63 2.20
21.03 13.32 2.26
20.88 13.46 2.15
20.92 13.42 2.36
20.81 13.52 2.37
20.82 13.65 2.66
20.76 13.75 2.76
20.87 13.41 2.61
20.87 13.57 2.66
20.89 13.50 2.72
20.85 13.48 2.64
20.86 13.59 2.76
20.90 13.45 2.89
20.84 13.55 2.92
20.70 13.70 2.54
20.63 13.75 2.40
20.63 13.74 2.32
20.63 13.68 2.42
20.65 13.66 2.34
20.72 13.81 2.64
20.71 13.61 2.47
20.84 13.45 2.49
20.80 13.47 2.56
20.78 13.55 2.57
20.76 13.54 2.52
21.06 13.27 2.38
21.16 13.11 2.38
21.02 13.23 2.19
21.09 13.11 2.25
21.01 13.15 2.20
20.94 13.35 2.48
21.15 13.14 2.54
21.08 13.15 2.59
21.10 13.21 2.50
21.08 13.15 2.59
21.00 13.24 2.62
21.02 13.22 2.55
21.17 13.05 2.49
21.27 12.95 2.38
21.19 12.98 2.51
21.10 13.07 2.58
21.07 13.08 2.60
21.08 12.98 2.63
21.03 13.09 2.67
21.04 13.02 2.70
21.12 13.21 2.85
21.13 13.05 2.87
21.05 13.24 2.98
21.10 13.17 3.05
21.12 13.16 2.97
21.02 13.25 3.04
21.21 13.02 3.05
21.19 13.05 3.22
21.04 13.33 2.81
21.06 13.27 2.74
20.97 13.32 2.60
20.97 13.39 2.76
21.08 13.11 2.77
21.03 13.17 2.69
21.01 13.34 2.87
20.97 13.30 2.95
20.93 13.30 3.02
20.89 13.32 3.00
20.87 13.40 2.97
21.55 12.50 1.82
21.55 12.50 1.82
21.50 12.49 1.75
21.54 12.52 1.89
21.47 12.57 1.79
21.42 12.62 1.63
21.43 12.48 1.71
21.39 12.47 1.65
21.39 12.46 1.63
21.45 12.57 1.75
21.42 12.64 1.72
21.38 12.65 1.78
21.37 12.66 1.79
21.44 12.53 2.02
21.41 12.60 1.89
21.37 12.60 1.97
21.31 12.67 1.83
21.60 12.43 1.86
21.59 12.41 1.76
21.62 12.34 1.80
21.61 12.26 1.81
21.63 12.28 1.90
21.45 12.41 1.69
21.58 12.43 1.94
21.54 12.40 2.10
21.59 12.33 2.15
21.54 12.51 2.35
21.61 12.37 2.33
21.54 12.42 2.19
21.44 12.61 2.36
21.35 12.73 2.47
21.40 12.63 2.43
21.57 12.48 2.46
21.50 12.54 2.59
21.39 12.75 2.22
21.40 12.66 2.15
21.28 12.70 1.99
21.34 12.63 2.03
21.43 12.59 2.20
21.39 12.57 2.11
21.44 12.49 2.12
21.34 12.71 2.38
21.68 12.19 1.86
21.69 12.19 1.96
21.80 12.05 1.93
21.76 12.09 2.02
21.66 12.19 2.21
21.68 12.19 2.14
21.64 12.11 2.22
21.66 12.09 2.15
21.85 11.90 2.02
21.74 12.00 2.07
21.75 11.92 2.07
21.71 11.93 2.12
21.68 12.00 2.18
21.60 12.28 2.25
21.59 12.22 2.35
21.62 12.32 2.43
21.59 12.24 2.44
21.54 12.18 2.42
21.68 12.28 2.64
21.63 12.26 2.56
21.65 12.36 2.62
21.57 12.44 2.65
21.57 12.24 2.52
21.50 12.21 2.49
21.47 12.21 2.56
21.75 11.98 2.58
21.68 11.97 2.54
21.75 11.93 2.41
21.71 12.22 2.77
21.72 12.16 2.80
21.74 12.14 2.73
21.73 12.06 2.73
21.70 12.12 2.64
21.62 12.12 2.61
21.69 12.05 2.67
21.62 12.04 2.64
21.60 12.12 2.29
21.62 12.05 2.31
21.50 12.15 2.41
21.50 12.07 2.42
21.65 12.00 2.43
21.56 12.00 2.47
21.54 12.19 2.58
21.54 12.17 2.60
21.45 12.16 2.47
21.44 12.09 2.48
21.46 12.19 2.58
21.45 12.12 2.61
21.44 12.18 2.55
21.43 12.11 2.56
21.53 12.04 2.65
21.46 12.04 2.61
21.44 12.03 2.58
21.32 12.82 2.53
21.22 12.86 2.73
21.24 12.85 2.65
21.15 12.92 2.68
21.43 12.67 2.71
21.46 12.64 2.82
21.48 12.55 2.76
21.35 12.73 2.84
21.36 12.67 2.94
21.31 12.74 2.92
21.40 12.60 2.98
21.26 12.91 2.92
21.36 12.76 3.01
21.33 12.80 3.17
21.31 12.87 3.14
21.27 12.83 3.31
21.37 12.69 3.03
21.30 12.72 3.17
21.39 12.63 3.14
21.38 12.63 3.14
21.31 12.64 3.19
21.28 12.74 3.25
21.25 12.68 3.24
21.25 12.63 3.25
21.26 12.76 3.37
21.26 12.69 3.39
21.21 12.67 3.31
21.21 12.65 3.31
21.65 12.32 2.81
21.53 12.38 2.92
21.46 12.47 2.77
21.50 12.40 2.79
21.46 12.42 2.87
21.46 12.41 2.87
21.43 12.49 2.84
21.52 12.46 3.10
21.46 12.53 3.02
21.67 12.25 2.84
21.64 12.11 2.95
21.70 12.17 3.23
21.60 12.28 2.97
21.60 12.33 3.14
21.65 12.13 3.03
21.60 12.35 3.32
21.55 12.44 3.36
21.70 12.15 3.33
21.47 12.47 3.50
21.63 12.24 3.54
21.61 12.30 3.47
21.55 12.35 3.57
21.49 12.55 3.12
21.52 12.50 3.25
21.46 12.56 3.20
21.45 12.52 3.38
21.38 12.53 3.34
21.39 12.63 3.48
21.33 12.62 3.43
21.40 12.55 3.47
21.35 12.55 3.41
21.31 12.56 3.30
21.26 12.61 3.39
21.28 12.56 3.37
21.23 12.60 3.34
19.37 15.66 1.94
19.34 15.64 1.84
19.39 15.57 1.88
19.32 15.76 2.05
19.25 15.82 1.93
19.20 15.87 2.07
19.41 15.61 2.07
19.37 15.64 2.21
19.52 15.46 2.06
19.56 15.35 2.00
19.61 15.26 1.97
19.58 15.38 2.11
19.48 15.47 2.31
19.52 15.45 2.24
19.57 15.34 2.33
19.40 15.55 2.16
19.24 15.82 2.19
19.19 15.81 2.28
19.09 15.89 2.28
19.03 16.00 2.40
19.09 15.80 2.48
19.08 15.84 2.38
19.20 15.71 2.47
19.10 15.78 2.49
19.51 15.43 2.43
19.51 15.41 2.62
19.52 15.44 2.79
19.37 15.57 2.68
19.36 15.58 2.31
19.33 15.60 2.38
19.39 15.51 2.35
19.41 15.49 2.45
19.37 15.50 2.52
19.34 15.52 2.40
19.31 15.54 2.48
19.19 15.71 2.55
19.04 16.04 2.58
18.97 16.09 2.44
18.92 16.14 2.58
19.05 16.01 2.68
19.10 15.89 2.64
19.01 16.09 2.82
18.88 16.24 2.81
18.83 16.27 2.90
18.64 16.39 3.07
18.77 16.27 3.02
18.70 16.30 2.97
18.94 16.19 2.88
18.91 16.10 2.95
18.87 16.14 3.01
18.86 16.21 2.99
19.03 16.04 2.94
18.97 15.99 3.09
18.91 16.06 3.05
18.91 16.18 3.21
18.87 16.24 3.17
18.91 16.08 3.12
18.96 16.03 3.26
18.94 16.01 3.17
19.23 15.81 3.00
19.28 15.74 3.04
19.29 15.65 2.98
19.48 15.48 2.94
19.33 15.56 2.93
19.38 15.50 3.06
19.32 15.59 3.10
19.30 15.57 3.01
19.19 15.81 2.63
19.22 15.75 2.74
19.19 15.83 2.71
19.16 15.85 2.69
19.13 15.80 2.58
19.14 15.86 2.86
19.23 15.71 2.92
19.20 15.69 2.83
19.26 15.63 2.89
19.26 15.62 2.88
19.08 15.95 2.99
19.12 15.89 3.11
19.01 15.92 3.13
19.22 15.82 3.09
19.04 15.88 3.25
18.97 15.94 3.22
19.29 15.69 3.16
19.27 15.70 3.23
19.36 15.60 3.21
19.35 15.65 3.37
19.38 15.57 3.35
19.26 15.74 3.40
19.34 15.59 3.47
19.32 15.69 3.53
19.30 15.61 3.54
20.14 14.60 2.40
20.02 14.66 2.51
20.04 14.68 2.60
20.00 14.82 2.64
19.98 14.85 2.63
20.31 14.46 2.71
20.22 14.49 2.47
20.11 14.57 2.48
20.28 14.48 2.77
20.18 14.58 2.88
20.19 14.56 2.80
20.22 14.51 2.92
20.17 14.55 2.70
20.10 14.61 2.83
20.03 14.66 2.78
20.07 14.59 2.73
19.90 14.95 2.74
19.98 14.81 2.82
19.83 15.00 2.96
19.97 14.84 2.98
19.95 14.86 3.06
20.14 14.61 3.03
20.05 14.66 2.88
20.03 14.73 2.95
20.06 14.70 3.24
20.06 14.72 3.15
20.18 14.56 3.16
20.15 14.60 3.31
20.16 14.60 3.23
19.87 14.96 2.18
19.79 15.05 2.48
19.69 15.23 2.11
19.74 15.16 2.25
19.75 15.08 2.21
19.66 15.25 2.28
19.67 15.19 2.38
19.65 15.22 2.37
19.97 14.85 2.26
19.93 14.86 2.42
19.96 14.79 2.36
20.07 14.69 2.35
20.04 14.66 2.43
19.99 14.82 2.49
19.99 14.73 2.47
19.93 14.92 2.58
19.83 14.97 2.43
19.68 15.23 2.56
19.59 15.32 2.58
19.63 15.27 2.71
19.63 15.30 2.88
19.75 15.11 2.72
19.79 15.08 2.65
19.74 15.14 2.88
19.57 15.37 3.01
19.43 15.43 3.11
19.62 15.28 3.15
19.58 15.30 3.22
19.69 15.18 3.03
19.66 15.04 3.13
19.68 15.02 3.06
19.65 15.13 3.20
19.66 15.08 3.31
19.60 15.24 3.32
19.67 15.17 3.39
19.63 15.26 3.43
19.62 15.28 3.51
19.67 15.23 3.55
19.71 15.14 3.59
19.61 15.31 3.64
19.56 15.33 3.74
19.53 15.37 3.62
19.49 15.38 3.69
19.64 15.24 3.71
19.50 15.33 3.34
19.53 15.31 3.45
19.42 15.32 3.49
19.41 15.47 3.26
19.39 15.33 3.38
19.40 15.39 3.28
19.35 15.36 3.44
19.31 15.42 3.40
19.29 15.53 3.55
19.32 15.52 3.48
19.32 15.44 3.50
19.32 15.44 3.49
19.46 15.37 3.58
19.42 15.41 3.65
19.35 15.46 3.60
19.99 14.79 3.45
19.97 14.78 3.40
20.12 14.61 3.48
20.02 14.70 3.49
20.03 14.68 3.31
20.02 14.67 3.32
19.97 14.70 3.41
19.98 14.66 3.39
19.95 14.69 3.37
20.00 14.81 3.55
19.98 14.84 3.53
20.05 14.74 3.59
20.08 14.66 3.71
19.89 14.89 3.20
19.85 14.87 3.27
19.88 14.88 3.38
19.95 14.75 3.26
19.95 14.75 3.26
19.90 14.85 3.35
19.92 14.76 3.32
19.88 14.83 3.29
19.78 14.93 3.22
19.75 14.96 3.11
19.76 14.92 3.30
19.74 14.93 3.29
19.68 14.98 3.25
19.78 14.92 3.40
19.81 14.95 3.50
19.78 14.96 3.49
19.73 15.03 3.44
19.73 14.93 3.37
19.91 14.87 3.84
20.01 14.77 3.83
19.84 15.03 3.95
19.87 14.97 3.89
19.90 14.99 3.99
19.97 14.82 3.98
19.82 14.99 3.65
19.87 14.94 3.72
19.70 15.03 3.88
19.67 15.09 3.74
19.63 15.06 3.83
19.58 15.10 3.80
18.77 16.32 3.19
18.70 16.35 3.14
18.62 16.47 3.07
18.55 16.39 3.24
18.58 16.39 3.53
18.57 16.37 3.34
18.49 16.44 3.28
18.36 16.81 3.52
18.39 16.71 3.44
18.40 16.73 3.53
18.41 16.68 3.64
18.34 16.84 3.74
18.32 16.84 3.65
18.40 16.71 3.81
18.57 16.53 3.70
18.58 16.57 3.84
18.53 16.57 3.91
18.67 16.47 3.82
18.41 16.56 3.48
18.48 16.49 3.54
18.42 16.64 3.83
18.48 16.61 3.69
19.11 15.91 3.46
19.09 15.93 3.54
19.17 15.84 3.51
19.10 15.89 3.73
19.07 16.00 3.87
19.02 16.04 3.65
18.87 16.22 3.35
19.04 15.97 3.41
19.02 15.98 3.39
18.96 16.07 3.43
18.97 16.07 3.53
18.90 16.15 3.65
18.81 16.24 3.49
18.73 16.31 3.44
19.07 15.98 4.05
18.85 16.17 3.91
18.93 16.08 3.87
18.99 16.02 4.19
18.96 16.03 4.08
19.01 16.01 4.29
18.77 16.22 4.11
18.83 16.15 4.16
18.78 16.30 3.74
18.70 16.36 3.68
18.64 16.34 3.59
18.63 16.43 3.99
18.70 16.40 3.85
18.73 16.35 3.97
18.36 16.80 3.86
18.24 16.89 3.86
18.20 16.99 4.00
18.16 17.01 3.88
18.12 17.06 3.94
18.24 16.92 4.03
18.19 16.94 4.10
18.19 16.86 4.11
18.37 16.75 3.96
18.37 16.77 4.05
18.50 16.62 4.15
18.44 16.66 4.29
18.28 16.79 4.17
18.22 16.82 4.14
18.12 17.07 4.12
18.05 17.09 4.26
18.04 17.07 4.35
17.92 17.14 4.27
18.29 16.71 4.38
18.15 16.87 4.18
18.14 16.91 4.34
18.17 16.84 4.38
18.17 16.82 4.29
18.09 16.94 4.49
18.23 16.81 4.60
18.65 16.49 4.26
18.71 16.39 4.31
18.69 16.38 4.12
18.64 16.45 4.08
18.61 16.53 4.32
18.57 16.52 4.39
18.74 16.33 4.44
18.64 16.35 4.46
18.96 16.10 4.33
18.86 16.17 4.26
18.78 16.22 4.21
18.79 16.27 4.35
18.78 16.29 4.46
18.76 16.23 4.55
18.89 16.13 4.47
18.92 16.07 4.49
18.88 16.07 4.57
18.79 16.09 4.61
18.78 16.16 4.57
18.67 16.34 4.75
18.77 16.30 4.91
18.67 16.41 4.92
18.70 16.24 4.70
18.73 16.17 4.64
18.79 16.11 4.74
18.81 16.08 4.71
18.77 16.10 4.68
18.86 16.19 5.10
18.80 16.24 4.94
18.55 16.49 4.60
18.43 16.56 4.49
18.53 16.55 4.81
18.49 16.56 4.70
18.38 16.65 4.62
18.59 16.39 4.52
18.67 16.26 4.68
18.68 16.24 4.60
18.63 16.32 4.56
18.61 16.34 4.69
19.50 15.36 3.86
19.50 15.34 3.79
19.52 15.36 3.98
19.49 15.44 4.22
19.42 15.49 3.99
19.36 15.50 4.14
19.34 15.52 4.12
19.26 15.78 3.57
19.17 15.80 3.70
19.27 15.72 3.68
19.29 15.65 3.70
19.22 15.71 4.01
19.18 15.77 3.89
19.37 15.57 3.72
19.42 15.55 3.79
19.37 15.60 3.85
19.29 15.55 3.64
19.44 15.42 3.78
19.43 15.41 3.74
19.25 15.62 3.94
19.31 15.58 4.00
19.18 15.80 4.06
19.10 15.94 4.17
19.08 15.93 4.25
19.09 15.85 4.37
19.17 15.76 4.24
19.16 15.76 4.42
19.51 15.43 4.32
19.43 15.51 4.53
19.34 15.52 4.48
19.22 15.60 4.22
19.24 15.60 4.14
19.38 15.48 4.24
19.31 15.51 4.19
19.30 15.51 4.19
19.34 15.48 4.31
19.26 15.53 4.29
19.27 15.55 4.35
19.23 15.62 4.31
19.27 15.56 4.43
19.80 15.08 4.01
19.83 15.05 4.13
19.63 15.29 4.29
19.69 15.23 4.37
19.77 15.08 4.42
19.76 15.09 4.26
19.88 14.95 4.18
19.90 14.89 4.29
19.83 15.01 4.31
19.84 15.01 4.46
19.89 14.91 4.37
19.88 14.95 4.54
19.60 15.24 4.05
19.60 15.23 4.02
19.56 15.31 4.01
19.53 15.27 3.83
19.55 15.29 3.94
19.69 15.10 4.04
19.59 15.06 3.90
19.54 15.14 3.95
19.52 15.12 3.85
19.55 15.31 4.10
19.66 15.19 4.18
19.59 15.33 4.47
19.54 15.35 4.54
19.72 15.13 4.50
19.69 15.17 4.47
19.62 15.18 4.52
19.58 15.20 4.59
19.53 15.38 4.70
19.63 15.24 4.79
19.77 15.01 4.82
19.78 15.03 4.92
19.78 14.92 4.77
19.85 14.96 4.97
19.79 15.05 4.65
19.79 15.08 4.55
19.67 15.11 4.57
19.85 14.96 4.60
19.83 14.88 4.61
19.79 14.90 4.68
19.65 15.17 4.82
19.65 15.15 4.73
19.78 14.99 4.74
19.46 15.43 4.93
19.61 15.28 4.86
19.47 15.36 4.95
19.54 15.26 5.00
19.43 15.52 4.98
19.43 15.47 5.08
19.50 15.30 5.06
19.64 15.19 4.90
19.71 15.09 5.04
19.76 14.99 5.09
19.74 14.98 5.18
19.73 15.08 5.15
19.67 15.21 5.27
19.64 15.21 5.16
19.78 14.99 5.28
19.71 15.12 5.31
19.41 15.56 5.14
19.39 15.57 5.22
19.30 15.59 5.26
19.47 15.41 5.21
19.39 15.52 5.32
19.20 15.77 5.35
19.24 15.62 5.40
19.35 15.53 5.38
19.35 15.47 5.49
19.70 15.21 5.37
19.66 15.24 5.53
19.68 15.09 5.57
19.60 15.30 5.57
19.66 15.20 5.72
19.64 15.27 5.33
19.57 15.36 5.45
19.47 15.39 5.45
19.42 15.39 5.55
19.16 15.78 4.69
19.09 15.93 4.71
19.12 15.89 4.82
19.02 15.88 4.41
18.98 15.97 4.46
18.99 15.92 4.38
19.09 15.83 4.56
19.02 16.01 4.65
19.40 15.50 4.70
19.43 15.49 4.82
19.26 15.66 4.86
19.40 15.53 4.87
19.33 15.65 4.99
19.33 15.54 4.83
19.16 15.68 4.61
19.17 15.67 4.54
19.27 15.56 4.77
19.30 15.52 4.73
19.25 15.52 4.61
19.20 15.57 4.57
19.24 15.54 4.68
19.23 15.72 4.83
19.15 15.78 5.14
19.22 15.73 5.00
19.26 15.67 5.12
19.08 15.85 5.26
19.13 15.84 5.34
19.20 15.67 5.28
19.17 15.75 5.28
18.94 16.08 4.96
19.05 15.87 4.97
19.02 15.86 5.05
18.99 15.93 5.01
18.99 15.97 4.82
18.91 16.08 4.85
18.90 16.04 4.76
18.96 15.96 5.12
20.38 14.36 2.59
20.44 14.13 2.67
20.35 14.22 2.69
20.34 14.39 2.74
20.31 14.31 2.74
20.27 14.30 2.90
20.29 14.40 2.80
20.24 14.34 2.87
20.27 14.32 2.80
20.41 14.24 2.99
20.43 14.19 2.92
20.31 14.27 2.84
20.55 13.98 2.76
20.45 14.04 2.78
20.45 14.02 2.88
20.67 13.85 2.85
20.63 13.87 2.92
20.52 13.95 2.93
20.47 14.14 3.05
20.48 14.02 3.07
20.53 13.92 3.16
20.22 14.43 2.94
20.18 14.47 3.09
20.41 14.22 3.08
20.24 14.30 3.07
20.28 14.25 3.19
20.22 14.32 3.17
20.24 14.49 3.20
20.24 14.51 3.29
20.21 14.45 3.38
20.25 14.35 3.27
20.27 14.27 3.27
20.22 14.37 3.40
20.25 14.28 3.34
20.50 14.09 3.19
20.45 14.17 3.21
20.50 14.12 3.33
20.44 14.18 3.29
20.37 14.20 3.25
20.55 14.00 3.29
20.50 14.06 3.44
20.52 14.02 3.64
20.41 14.15 3.46
20.30 14.21 3.39
20.26 14.26 3.45
20.66 13.79 2.95
20.59 13.81 3.00
20.64 13.73 3.04
20.71 13.65 3.01
20.69 13.66 3.09
20.69 13.66 3.08
20.69 13.80 3.23
20.74 13.71 3.28
20.75 13.69 3.20
20.73 13.68 3.17
20.55 13.82 3.07
20.65 13.75 3.14
20.65 13.75 3.14
20.89 13.51 3.13
20.79 13.56 3.07
20.93 13.38 3.19
20.86 13.42 3.05
20.87 13.55 3.30
20.87 13.49 3.40
20.89 13.40 3.34
20.64 13.87 3.28
20.62 13.90 3.45
20.69 13.80 3.33
20.68 13.69 3.44
20.60 13.75 3.47
20.59 13.85 3.59
20.60 13.92 3.52
20.56 13.88 3.69
20.68 13.81 3.77
20.61 13.84 3.72
20.64 13.78 3.67
20.59 13.78 3.61
20.61 13.72 3.57
20.57 13.76 3.54
20.79 13.64 3.59
20.86 13.53 3.57
20.88 13.45 3.59
20.75 13.64 3.48
20.74 13.65 3.38
20.77 13.65 3.76
20.87 13.49 3.76
20.83 13.52 3.91
20.23 14.51 3.64
20.16 14.57 3.41
20.21 14.48 3.51
20.21 14.33 3.58
20.15 14.59 3.77
20.16 14.60 3.68
20.22 14.45 3.74
20.21 14.37 3.75
20.52 14.06 3.81
20.50 14.04 3.71
20.47 14.13 3.77
20.42 14.19 3.64
20.28 14.27 3.63
20.38 14.24 3.88
20.51 14.08 3.89
20.43 14.11 4.02
20.33 14.26 3.84
20.23 14.30 3.78
20.27 14.33 3.93
20.09 14.66 3.99
20.15 14.56 3.95
20.24 14.43 4.03
20.06 14.60 4.08
20.05 14.62 4.16
20.02 14.69 4.12
20.13 14.46 4.15
20.10 14.53 4.11
20.13 14.55 4.22
20.12 14.55 4.19
20.11 14.48 4.23
20.11 14.47 4.22
20.37 14.29 4.10
20.34 14.31 4.20
20.43 14.21 4.18
20.39 14.21 4.43
20.25 14.33 4.33
20.11 14.42 4.23
20.18 14.37 4.28
20.72 13.76 3.89
20.73 13.79 4.01
20.56 13.90 3.81
20.59 13.96 4.08
20.65 13.86 3.99
20.63 13.83 4.19
20.87 13.57 4.10
20.76 13.73 4.10
20.75 13.69 4.28
20.46 14.10 4.13
20.51 14.08 4.25
20.46 14.16 4.30
20.52 14.02 4.36
20.47 14.11 4.40
20.56 13.97 4.48
20.70 13.74 4.52
20.77 13.65 4.49
20.63 13.80 4.38
20.56 13.86 4.33
20.59 13.84 4.62
20.70 13.70 4.62
21.05 13.28 3.16
21.03 13.30 3.26
20.96 13.33 3.30
21.03 13.24 3.36
21.08 13.09 3.42
20.86 13.35 3.50
20.89 13.30 3.45
20.98 13.12 3.54
21.21 12.96 3.52
21.12 13.02 3.46
21.28 12.79 3.49
21.23 12.84 3.37
21.26 12.77 3.40
21.24 12.88 3.55
21.25 12.90 3.64
21.22 12.98 3.61
21.29 12.85 3.76
21.10 13.04 3.53
21.10 13.03 3.62
21.03 13.05 3.58
21.03 13.05 3.58
21.00 13.25 3.78
20.92 13.39 3.90
21.04 13.22 4.00
20.88 13.38 3.61
20.87 13.28 3.54
20.92 13.32 3.74
20.92 13.14 3.60
20.89 13.23 3.65
21.13 13.13 3.89
21.18 13.05 3.93
21.15 13.02 3.83
21.18 12.95 3.86
21.18 12.98 3.99
21.08 13.15 4.04
21.17 12.95 4.20
21.13 13.02 4.19
21.13 13.00 4.10
21.13 12.98 3.74
21.05 13.08 3.71
21.06 13.04 3.69
20.99 13.08 3.65
21.39 12.73 3.57
21.38 12.71 3.48
21.32 12.70 3.43
21.43 12.57 3.58
21.47 12.51 3.67
21.40 12.69 3.77
21.62 12.35 3.69
21.59 12.37 3.67
21.50 12.42 3.62
21.49 12.43 3.69
21.53 12.38 3.82
21.65 12.28 3.72
21.60 12.29 3.79
21.48 12.52 3.85
21.55 12.39 3.92
21.57 12.31 3.88
21.58 12.36 4.03
21.33 12.80 3.91
21.33 12.76 4.08
21.27 12.84 4.03
21.41 12.67 3.96
21.44 12.60 4.08
21.26 12.88 4.29
21.22 12.86 4.18
21.24 12.80 4.25
21.27 12.71 4.24
21.38 12.63 4.22
21.51 12.50 4.14
21.51 12.51 4.05
21.58 12.38 4.20
21.45 12.55 4.25
21.40 12.62 4.33
21.54 12.44 4.45
20.92 13.46 4.06
20.99 13.37 4.12
21.06 13.28 4.27
20.97 13.44 4.27
20.91 13.52 4.23
20.95 13.48 4.44
20.91 13.54 4.40
20.98 13.41 4.47
20.99 13.39 4.39
21.02 13.32 4.42
21.14 13.14 4.35
21.10 13.19 4.22
21.21 12.96 4.28
21.22 12.99 4.42
21.11 13.17 4.50
21.20 13.01 4.49
21.16 13.12 4.63
20.82 13.58 4.53
20.94 13.47 4.53
20.93 13.50 4.51
20.99 13.35 4.58
20.95 13.38 4.70
20.94 13.42 4.90
20.84 13.54 4.72
21.06 13.20 4.65
21.02 13.24 4.80
21.18 13.08 4.83
21.05 13.29 5.05
21.06 13.18 4.92
21.25 12.92 4.45
21.31 12.76 4.47
21.24 12.96 4.62
21.33 12.79 4.60
21.32 12.84 4.78
21.35 12.76 4.81
21.40 12.67 4.50
21.52 12.48 4.64
21.43 12.65 4.70
21.37 12.61 4.85
21.51 12.51 4.77
21.20 12.99 4.77
21.16 13.02 4.92
21.25 12.90 4.91
21.30 12.77 4.87
21.28 12.88 5.02
21.31 12.80 4.99
21.14 13.07 5.08
21.33 12.74 5.07
21.42 12.55 5.17
21.35 12.60 5.12
21.39 12.56 5.06
21.31 12.62 4.91
21.30 12.70 4.89
21.29 12.71 4.97
21.30 12.65 5.05
21.32 12.60 5.01
21.28 12.64 4.98
21.33 12.76 5.16
21.33 12.67 5.15
21.35 12.70 5.28
20.09 14.64 4.26
20.02 14.71 4.21
20.14 14.57 4.30
20.11 14.49 4.31
20.07 14.61 4.44
20.15 14.53 4.48
20.10 14.51 4.39
20.15 14.55 4.59
20.10 14.62 4.55
20.11 14.58 4.71
20.07 14.63 4.62
19.91 14.78 4.50
19.97 14.67 4.46
20.00 14.65 4.57
20.34 14.23 4.58
20.31 14.26 4.56
20.28 14.31 4.44
20.22 14.31 4.56
20.11 14.42 4.32
20.16 14.46 4.52
20.18 14.40 4.45
20.17 14.28 4.66
20.18 14.27 4.76
20.14 14.34 4.72
20.13 14.53 4.85
20.03 14.75 5.02
20.08 14.64 4.98
20.12 14.61 5.19
20.34 14.33 5.01
20.27 14.40 4.96
20.29 14.31 4.94
20.17 14.44 4.80
20.21 14.39 4.91
20.22 14.30 4.91
20.18 14.29 4.84
20.20 14.51 5.07
20.28 14.43 5.13
20.27 14.38 5.32
20.25 14.37 5.22
19.96 14.76 4.80
19.96 14.70 4.64
19.84 14.81 4.63
19.89 14.79 4.76
19.81 14.82 4.71
20.05 14.68 4.77
19.92 14.80 4.86
19.83 14.84 4.80
20.51 14.08 4.61
20.45 14.15 4.56
20.42 14.17 4.72
20.53 14.04 4.81
20.46 14.15 4.93
20.38 14.18 4.79
20.32 14.19 4.76
20.34 14.19 4.86
20.21 14.26 4.77
20.59 13.90 4.79
20.64 13.71 4.76
20.66 13.72 4.86
20.59 13.93 5.05
20.63 13.86 5.06
20.42 14.14 5.27
20.34 14.25 5.39
20.49 14.08 5.33
20.47 14.09 5.40
20.58 13.89 5.14
20.54 13.91 5.30
20.65 13.76 5.21
20.57 13.84 5.36
20.56 13.93 5.39
20.54 13.99 5.55
20.60 13.86 5.46
20.40 14.26 5.06
20.38 14.27 5.13
20.48 14.09 5.04
20.48 13.98 5.16
20.44 14.03 5.13
20.44 14.05 5.22
20.44 14.05 5.22
20.40 14.12 5.17
20.38 14.23 4.96
20.27 14.22 4.90
20.24 14.24 4.88
20.18 14.56 5.32
20.26 14.43 5.49
20.05 14.72 5.49
20.08 14.66 5.45
20.12 14.58 5.56
20.21 14.46 5.63
19.94 14.85 5.18
19.89 14.91 5.45
19.81 14.92 5.23
19.81 15.00 5.39
20.01 14.71 5.29
19.98 14.80 5.34
19.95 14.85 5.58
19.96 14.80 5.70
19.95 14.85 5.95
19.87 14.87 5.81
19.74 15.00 5.53
19.82 14.94 5.59
19.75 15.06 5.79
19.72 14.98 5.79
19.70 15.04 5.68
19.76 14.91 5.83
19.73 14.94 5.72
20.08 14.64 5.71
20.18 14.52 5.87
19.99 14.78 5.98
19.99 14.76 5.90
20.00 14.71 6.00
20.02 14.69 5.93
20.12 14.61 5.91
20.12 14.55 6.02
20.28 14.28 5.53
20.33 14.23 5.57
20.26 14.39 5.67
20.26 14.41 5.76
20.22 14.47 5.73
20.40 14.20 5.79
20.33 14.30 5.73
20.31 14.32 5.72
20.47 14.03 5.68
20.58 13.93 5.77
20.43 14.11 5.74
20.38 14.12 5.89
20.54 13.99 5.91
20.48 14.02 5.78
20.43 14.05 5.93
20.34 14.32 6.09
20.26 14.35 5.86
20.22 14.41 5.92
20.32 14.28 5.91
20.15 14.49 6.04
20.26 14.35 6.20
20.24 14.41 6.11
20.53 14.02 6.17
20.49 14.10 6.15
20.47 14.13 6.29
20.50 14.07 6.41
20.54 14.04 6.26
20.37 14.15 6.02
20.46 14.02 6.04
20.39 14.23 6.14
20.32 14.22 6.28
20.90 13.42 5.15
21.01 13.25 5.24
21.06 13.16 5.20
20.96 13.35 5.38
21.01 13.22 5.43
20.81 13.50 4.90
20.85 13.45 5.02
20.69 13.63 4.81
20.73 13.68 5.00
20.76 13.67 5.20
20.78 13.55 5.15
20.76 13.53 5.05
20.71 13.70 5.45
20.61 13.76 5.37
20.79 13.59 5.32
20.80 13.55 5.51
20.67 13.79 5.49
20.68 13.83 5.66
20.80 13.66 5.63
20.78 13.68 5.66
20.80 13.61 5.77
20.87 13.47 5.48
20.86 13.48 5.38
21.00 13.29 5.50
20.84 13.50 5.64
20.82 13.46 5.82
20.93 13.36 5.72
20.90 13.32 5.89
21.17 13.00 5.20
21.08 13.11 5.31
21.27 12.89 5.40
21.23 12.97 5.42
21.19 12.93 5.23
21.21 12.96 5.32
21.27 12.92 5.54
21.21 12.99 5.49
21.24 12.93 5.61
21.17 12.98 5.57
21.13 13.00 5.54
21.14 13.02 5.45
21.05 13.07 5.49
21.31 12.76 5.33
21.25 12.84 5.28
21.29 12.75 5.50
21.37 12.66 5.48
21.38 12.66 5.57
21.28 12.86 5.65
21.32 12.70 5.62
21.27 12.77 5.60
21.30 12.72 5.72
21.01 13.16 5.54
21.05 13.20 5.72
21.15 13.06 5.81
21.13 13.05 5.62
21.06 13.09 5.58
20.99 13.23 5.87
21.10 13.09 5.96
21.20 12.97 5.77
21.31 12.83 5.86
21.18 13.00 5.93
21.12 12.96 6.09
21.14 12.94 6.01
21.25 12.82 6.19
21.27 12.80 6.11
20.66 13.79 5.84
20.72 13.66 5.99
20.70 13.73 5.97
20.59 13.91 6.04
20.60 13.89 5.97
20.70 13.70 6.17
20.85 13.52 6.08
20.89 13.43 6.03
20.93 13.38 6.16
20.91 13.45 6.14
20.78 13.48 5.89
20.77 13.55 5.86
20.76 13.57 5.94
20.81 13.50 5.99
20.81 13.50 5.99
20.84 13.56 6.26
20.92 13.41 6.33
20.74 13.76 6.43
20.69 13.74 6.36
20.64 13.82 6.36
20.65 13.86 6.18
20.64 13.80 6.28
20.59 13.91 6.41
20.74 13.77 6.52
20.62 13.86 6.53
20.74 13.64 6.28
20.79 13.59 6.40
20.81 13.61 6.50
20.80 13.69 6.50
20.81 13.61 6.50
20.80 13.69 6.48
20.76 13.67 6.41
20.91 13.45 6.50
20.91 13.45 6.50
20.85 13.52 6.45
20.80 13.63 6.58
20.84 13.50 6.72
20.80 13.61 6.68
20.93 13.26 6.01
20.99 13.19 6.06
20.95 13.26 6.29
21.26 12.88 6.44
21.16 12.97 6.29
21.09 13.04 6.24
21.12 13.02 6.36
21.12 13.06 6.52
21.25 12.90 6.53
21.05 13.20 6.63
20.92 13.29 6.51
20.93 13.36 6.44
20.92 13.28 6.45
21.01 13.18 6.52
20.96 13.21 6.49
20.96 13.23 6.58
20.88 13.41 6.67
20.93 13.36 6.83
20.87 13.39 6.76
21.04 13.19 6.81
20.97 13.23 6.76
20.91 13.28 6.72
20.93 13.28 6.82
21.12 13.14 6.68
21.15 13.02 6.73
21.08 13.17 6.92
21.12 13.07 6.96
21.13 12.98 6.90
22.73 10.16 0.34
22.69 10.15 0.25
22.61 10.24 0.27
22.65 10.37 0.53
22.55 10.42 0.46
22.49 10.43 0.43
22.70 10.21 0.50
22.64 10.26 0.37
22.42 10.69 0.51
22.48 10.49 0.59
22.44 10.54 0.56
22.39 10.73 0.67
22.44 10.60 0.64
22.63 10.39 0.60
22.68 10.24 0.66
22.61 10.38 0.87
22.63 10.35 0.79
22.65 10.27 0.82
22.52 10.42 0.72
22.54 10.38 0.83
22.47 10.43 0.79
22.47 10.43 0.78
22.24 11.18 0.91
22.27 11.09 0.89
22.47 10.81 0.88
22.40 10.84 0.83
22.40 10.89 1.00
22.33 10.95 0.95
22.37 10.89 0.89
22.27 10.92 0.83
22.21 11.28 1.00
22.25 11.13 1.05
22.28 11.11 0.98
22.26 11.19 0.95
22.19 11.31 1.16
22.10 11.38 1.09
22.21 11.16 1.20
22.32 10.97 1.03
22.28 11.05 1.03
22.25 11.06 1.09
22.32 10.99 1.15
22.24 11.09 1.23
22.33 10.96 1.31
22.50 10.69 0.85
22.45 10.75 0.77
22.46 10.59 0.78
22.47 10.81 1.05
22.49 10.79 0.98
22.50 10.72 1.01
22.49 10.65 1.05
22.60 10.41 1.04
22.67 10.31 0.95
22.51 10.59 1.12
22.57 10.44 1.19
22.53 10.45 0.90
22.51 10.53 0.87
22.51 10.45 0.87
22.56 10.47 0.96
22.41 10.84 1.20
22.46 10.77 1.24
22.46 10.82 1.41
22.54 10.63 1.31
22.51 10.74 1.45
22.51 10.66 1.47
22.54 10.65 1.40
22.59 10.46 1.29
22.56 10.55 1.34
22.56 10.54 1.29
22.59 10.40 1.39
22.52 10.57 1.41
22.44 10.58 1.45
22.46 10.44 1.50
22.42 10.50 1.46
22.79 10.08 0.30
22.78 10.07 0.26
22.72 10.06 0.20
22.78 10.01 0.32
22.71 9.99 0.24
22.80 10.07 0.40
22.85 9.96 0.49
22.87 9.91 0.47
22.80 9.95 0.41
22.72 9.94 0.39
22.66 9.96 0.35
22.64 9.94 0.38
22.87 9.80 0.48
22.78 9.73 0.50
22.73 9.68 0.27
22.75 9.58 0.21
22.72 9.87 0.43
22.64 9.86 0.40
22.66 9.81 0.38
22.65 9.76 0.30
22.72 9.72 0.46
22.72 9.64 0.48
22.70 9.64 0.45
22.70 9.62 0.36
22.66 9.71 0.40
22.67 9.69 0.33
22.79 10.08 0.58
22.85 9.99 0.63
22.79 9.97 0.78
22.87 9.92 0.65
22.89 9.90 0.58
22.88 9.83 0.59
22.82 9.74 0.58
22.76 9.66 0.56
22.79 9.75 0.65
22.78 9.69 0.69
22.77 9.68 0.65
22.81 9.86 0.73
22.83 9.88 0.82
22.86 9.80 0.86
22.82 9.72 0.85
22.77 9.78 0.72
22.92 9.41 0.52
23.08 9.07 0.41
23.13 9.11 0.63
23.04 9.17 0.64
23.07 9.13 0.58
22.98 9.17 0.52
22.99 9.19 0.61
22.84 9.47 0.44
22.87 9.39 0.41
22.75 9.53 0.32
22.74 9.44 0.30
22.71 9.50 0.21
22.93 9.02 0.18
22.90 9.09 0.22
22.76 9.26 0.29
22.80 9.13 0.25
23.03 9.41 0.76
23.03 9.52 1.01
23.03 9.51 0.92
23.04 9.49 0.91
22.93 9.56 0.94
22.96 9.53 0.88
23.07 9.43 0.96
23.10 9.32 0.83
23.09 9.14 0.76
23.10 9.26 0.92
23.06 9.30 0.75
23.05 9.16 0.83
23.04 9.23 0.79
23.07 9.17 0.75
23.01 9.21 0.70
23.07 9.29 1.08
22.83 9.57 0.62
22.93 9.44 0.61
22.97 9.45 0.72
22.79 9.57 0.51
22.82 9.66 0.78
22.86 9.56 0.91
22.81 9.65 0.86
23.00 9.36 0.67
23.00 9.21 0.69
22.65 10.17 0.84
22.67 10.23 0.95
22.72 10.09 0.90
22.67 10.28 1.19
22.76 10.11 1.15
22.72 10.17 1.05
22.76 10.14 1.27
22.82 9.96 1.07
22.81 9.91 0.98
22.77 9.99 0.98
22.85 9.82 0.93
22.87 9.87 1.16
22.85 9.78 1.12
22.83 9.85 1.06
22.77 10.06 1.29
22.80 9.97 1.24
22.89 9.83 1.32
22.68 10.30 1.28
22.71 10.24 1.40
22.66 10.26 1.46
22.61 10.33 1.42
22.72 10.17 1.42
22.68 10.18 1.49
22.71 10.15 1.42
22.74 10.18 1.70
22.67 10.20 1.57
22.61 10.29 1.61
22.57 10.31 1.49
22.85 9.92 1.73
22.84 9.99 1.72
22.79 9.90 1.65
22.72 10.07 1.35
22.68 9.99 1.35
22.67 10.00 1.36
22.64 10.03 1.41
22.83 9.86 1.46
22.78 9.87 1.52
22.76 9.92 1.38
22.67 9.94 1.45
22.71 10.13 1.60
22.65 10.04 1.55
22.63 10.03 1.50
22.72 9.97 1.61
22.74 9.89 1.59
22.65 9.96 1.57
22.67 9.92 1.54
22.64 9.95 1.52
23.00 9.46 1.10
23.01 9.50 1.31
22.97 9.56 1.21
22.96 9.66 1.30
22.91 9.77 1.43
23.00 9.59 1.34
23.00 9.53 1.44
23.17 9.26 1.32
23.13 9.33 1.28
23.16 9.25 1.25
23.15 9.24 1.23
23.12 9.28 1.38
23.12 9.34 1.30
23.09 9.32 1.36
23.10 9.31 1.18
23.01 9.38 1.12
22.99 9.42 1.28
23.06 9.35 1.24
23.02 9.34 1.31
22.98 9.44 1.36
23.00 9.28 1.38
22.97 9.36 1.37
22.93 9.47 1.51
22.89 9.31 1.52
22.97 9.53 1.06
22.95 9.53 1.08
22.93 9.54 1.13
22.85 9.58 1.08
22.89 9.56 1.02
22.88 9.71 1.17
22.83 9.70 1.11
22.76 9.68 1.01
22.77 9.66 0.93
22.79 9.60 1.04
22.82 9.56 0.98
22.78 9.60 1.04
22.78 9.59 0.95
22.93 9.71 1.54
22.88 9.81 1.50
22.83 9.81 1.61
22.81 9.82 1.64
22.81 9.76 1.74
22.82 9.74 1.66
22.84 9.78 1.84
22.81 9.64 1.68
22.77 9.68 1.74
22.80 9.70 1.84
22.92 9.56 1.57
22.89 9.32 1.58
22.88 9.40 1.58
22.93 9.34 1.68
22.75 9.60 1.74
22.79 9.51 1.69
22.73 9.62 1.84
22.88 9.38 1.77
22.83 9.38 1.84
22.76 9.39 1.89
22.75 9.47 1.86
22.18 11.33 1.24
22.14 11.40 1.20
22.07 11.48 1.18
22.14 11.38 1.48
22.00 11.46 1.47
21.97 11.52 1.36
22.23 11.20 1.38
22.18 11.33 1.60
22.24 11.24 1.56
21.89 11.64 1.55
21.89 11.62 1.47
21.93 11.74 1.64
21.93 11.73 1.59
22.04 11.49 1.76
21.94 11.50 1.61
21.87 11.53 1.57
21.90 11.51 1.50
21.85 11.56 1.55
21.88 11.55 1.48
21.90 11.56 1.67
21.85 11.57 1.60
21.88 11.68 1.72
21.86 11.79 1.87
21.86 11.79 1.87
21.87 11.72 1.89
21.87 11.71 1.87
22.00 11.58 1.98
21.90 11.60 1.75
22.17 11.39 1.85
22.14 11.41 1.74
22.20 11.29 1.80
22.18 11.22 1.80
22.20 11.27 1.71
22.18 11.23 1.89
22.07 11.47 1.87
22.08 11.41 1.98
22.14 11.33 1.94
22.26 11.05 1.43
22.36 10.94 1.42
22.28 10.98 1.46
22.27 11.01 1.58
22.26 11.00 1.53
22.25 11.07 1.51
22.37 10.93 1.61
22.38 10.91 1.53
22.41 10.84 1.56
22.26 11.09 1.59
22.33 11.04 1.74
22.29 11.11 1.70
22.39 10.88 1.72
22.46 10.75 1.52
22.36 10.68 1.57
22.39 10.78 1.65
22.34 10.70 1.64
22.36 10.61 1.58
22.39 10.59 1.51
22.36 10.63 1.67
22.36 10.62 1.67
22.48 10.68 1.93
22.39 10.74 1.84
22.33 10.81 1.79
22.25 11.15 1.86
22.21 11.16 1.92
22.33 10.98 1.85
22.36 10.95 2.05
22.31 11.02 2.01
22.28 11.03 2.07
22.27 10.98 2.18
22.24 11.00 2.16
22.21 11.01 2.22
22.18 11.04 2.11
22.11 11.19 2.04
22.06 11.13 2.12
22.00 11.17 2.08
22.34 10.83 1.88
22.45 10.73 2.14
22.37 10.89 2.16
22.30 10.92 2.29
22.46 10.79 2.41
22.44 10.77 2.31
22.02 11.64 2.26
21.96 11.66 2.22
22.00 11.60 2.16
22.03 11.63 2.44
22.00 11.67 2.42
21.98 11.67 2.05
21.87 11.75 2.06
21.92 11.69 2.13
21.79 11.78 2.19
21.81 11.77 2.12
21.78 11.84 2.08
21.74 11.84 2.11
21.79 11.78 2.19
21.75 11.85 2.25
21.72 11.85 2.14
21.82 11.76 2.13
21.82 11.78 2.30
21.85 11.71 2.24
22.00 11.44 2.11
21.99 11.46 2.20
21.99 11.46 2.19
21.99 11.27 2.07
21.98 11.39 2.25
21.95 11.38 2.19
21.91 11.31 2.23
21.89 11.30 2.18
22.07 11.53 2.49
22.09 11.41 2.34
22.11 11.36 2.46
22.06 11.49 2.31
22.04 11.40 2.29
21.96 11.32 2.29
21.96 11.31 2.30
21.99 11.68 2.50
21.93 11.70 2.56
21.88 11.71 2.61
21.94 11.63 2.61
21.89 11.64 2.64
21.85 11.87 2.75
21.87 11.89 2.66
21.88 11.81 2.69
21.90 11.76 2.80
21.89 11.66 2.72
22.03 11.56 2.64
22.12 11.47 2.62
22.15 11.42 2.73
22.05 11.54 2.93
22.10 11.43 2.80
22.09 11.47 2.96
22.08 11.45 2.89
22.06 11.52 2.75
21.92 11.61 2.66
21.88 11.85 2.51
21.92 11.73 2.46
21.85 11.77 2.41
21.89 11.77 2.52
21.84 11.94 2.55
21.78 11.94 2.69
21.72 11.96 2.66
21.71 11.97 2.65
21.69 11.97 2.68
21.63 11.96 2.64
21.63 11.95 2.61
21.58 11.94 2.56
21.57 11.93 2.59
21.51 11.94 2.53
21.50 11.91 2.55
21.47 11.94 2.53
22.30 11.04 2.45
22.17 11.31 2.59
22.27 11.15 2.59
22.31 11.08 2.63
22.34 10.95 2.40
22.40 10.90 2.56
22.33 10.93 2.67
22.27 11.01 2.71
22.13 11.36 2.83
22.16 11.38 2.75
22.25 11.18 2.75
22.27 11.11 2.77
22.23 11.14 2.93
22.19 11.29 2.89
22.21 11.32 3.01
22.19 11.18 3.08
22.26 11.01 2.98
22.37 10.89 2.97
22.23 11.05 2.86
22.23 11.03 2.78
22.23 10.95 2.79
22.24 10.97 2.89
22.27 10.91 2.82
22.37 10.95 3.14
22.33 11.03 3.19
22.25 11.11 3.13
22.24 11.08 2.32
22.10 11.09 2.24
22.13 11.06 2.19
22.13 11.16 2.33
22.22 11.20 2.46
22.10 11.26 2.39
22.03 11.12 2.20
21.96 11.14 2.16
21.93 11.17 2.22
21.90 11.20 2.11
21.89 11.21 2.12
21.86 11.22 2.18
21.86 11.22 2.17
21.95 11.25 2.32
21.99 11.16 2.27
21.89 11.27 2.27
21.88 11.24 2.29
21.89 11.22 2.28
21.86 11.24 2.26
22.56 10.52 1.80
22.66 10.33 1.80
22.61 10.42 1.85
22.66 10.37 1.98
22.62 10.44 1.94
22.66 10.39 2.06
22.42 10.56 1.72
22.44 10.47 1.70
22.53 10.39 1.72
22.43 10.44 1.57
22.39 10.53 1.62
22.39 10.51 1.53
22.71 10.26 1.85
22.81 10.10 1.84
22.67 10.30 2.00
22.64 10.31 2.07
22.63 10.30 2.07
22.59 10.23 2.06
22.74 10.13 1.98
22.74 10.07 2.09
22.61 10.16 2.09
22.56 10.55 2.07
22.52 10.58 2.22
22.66 10.41 2.15
22.66 10.40 2.15
22.62 10.48 2.11
22.66 10.43 2.24
22.63 10.48 2.21
22.49 10.70 2.36
22.53 10.60 2.31
22.60 10.46 2.38
22.67 10.29 2.33
22.68 10.21 2.33
22.73 10.10 2.25
22.73 10.15 2.42
22.69 10.13 2.33
22.66 10.37 2.34
22.66 10.31 2.44
22.61 10.40 2.48
22.69 10.24 2.48
22.71 10.22 2.40
22.74 10.17 2.51
22.66 10.35 2.25
22.62 10.30 2.24
22.61 10.28 2.27
22.64 10.33 2.15
22.58 10.27 2.23
22.55 10.24 2.13
22.66 10.13 2.21
22.59 10.15 2.17
22.57 10.17 2.15
22.61 10.20 2.30
22.56 10.23 2.22
22.56 10.19 2.23
22.55 10.19 2.23
22.62 10.15 2.28
22.81 9.97 1.96
22.83 9.95 1.89
22.86 9.80 1.94
22.87 9.75 2.06
22.81 9.93 2.15
22.87 9.82 2.21
22.80 9.87 2.25
22.87 9.59 2.08
22.90 9.70 2.19
22.93 9.72 2.28
22.95 9.48 2.29
22.91 9.56 2.29
22.97 9.51 2.43
22.93 9.58 2.39
22.83 9.54 2.18
22.82 9.46 2.21
22.89 9.58 2.00
22.86 9.65 1.97
22.86 9.56 1.95
22.78 9.63 1.90
22.79 9.56 1.91
22.84 9.52 1.99
22.80 9.51 2.07
22.77 9.48 2.14
22.77 9.49 1.97
22.70 9.45 1.93
22.72 9.39 1.90
22.73 9.47 2.03
22.71 9.44 2.09
22.67 9.42 2.00
22.78 10.04 2.30
22.78 9.98 2.40
22.78 9.96 2.31
22.87 9.85 2.54
22.81 9.91 2.43
22.80 9.87 2.34
22.77 10.02 2.56
22.87 9.88 2.65
22.90 9.66 2.53
22.92 9.65 2.73
22.50 10.64 2.46
22.46 10.75 2.60
22.46 10.73 2.51
22.49 10.66 2.55
22.59 10.50 2.55
22.54 10.60 2.67
22.41 10.78 2.74
22.47 10.73 2.88
22.44 10.80 2.85
22.52 10.62 2.75
22.52 10.58 2.94
22.59 10.44 2.65
22.63 10.27 2.62
22.70 10.24 2.84
22.65 10.29 2.72
22.69 10.27 2.99
22.58 10.48 2.82
22.54 10.51 2.96
22.57 10.42 2.91
22.58 10.40 3.01
22.39 10.84 2.99
22.37 10.76 3.00
22.35 10.70 3.09
22.37 10.68 3.02
22.40 10.61 3.05
22.38 10.80 3.18
22.44 10.74 3.31
22.48 10.67 3.32
22.36 10.71 3.19
22.39 10.63 3.16
22.41 10.73 3.26
22.43 10.65 3.25
22.60 10.46 3.13
22.53 10.53 3.05
22.55 10.55 3.15
22.70 10.32 3.19
22.63 10.33 3.26
22.62 10.40 3.21
22.58 10.49 3.26
22.54 10.57 3.22
22.52 10.52 3.40
22.55 10.43 3.35
22.57 10.32 3.38
22.51 10.37 3.43
22.76 10.01 2.90
22.86 9.94 2.90
22.86 9.91 2.82
22.79 9.97 2.86
22.83 9.94 2.79
22.73 10.13 3.06
22.84 9.97 3.06
22.74 10.17 2.88
22.72 10.03 2.81
22.76 9.99 2.74
22.66 10.14 2.73
22.67 10.12 2.67
22.69 10.05 2.70
22.91 9.84 2.86
22.91 9.86 2.95
22.98 9.62 2.94
22.99 9.64 3.04
22.95 9.70 3.30
22.89 9.75 3.14
22.71 10.12 3.15
22.65 10.17 3.25
22.78 10.02 3.38
22.69 10.10 3.31
22.68 10.18 3.38
22.64 10.23 3.53
22.53 10.33 3.45
22.69 10.12 3.40
22.69 10.07 3.51
22.88 9.88 3.38
22.85 9.88 3.27
22.90 9.80 3.41
22.92 9.79 3.33
22.79 9.92 3.56
22.66 10.01 3.59
22.17 11.18 0.18
22.13 11.16 0.10
22.03 11.26 0.27
22.16 11.33 0.51
22.10 11.37 0.46
22.19 11.26 0.54
22.20 11.24 0.45
22.14 11.34 0.56
22.07 11.36 0.63
22.02 11.41 0.59
21.96 11.36 0.39
21.89 11.49 0.50
21.97 11.42 0.52
21.91 11.40 0.45
22.31 11.06 0.37
22.30 10.96 0.30
22.35 10.91 0.43
22.33 10.99 0.43
22.32 10.93 0.50
22.24 11.11 0.24
22.19 11.09 0.16
22.13 11.08 0.10
22.18 10.95 0.22
22.17 10.87 0.25
22.11 10.86 0.20
22.26 11.11 0.60
22.29 11.10 0.54
22.11 11.21 0.68
22.19 11.13 0.67
22.15 11.14 0.72
22.24 10.96 0.63
22.21 11.07 0.77
22.21 11.05 0.68
22.03 11.21 0.10
22.06 11.15 0.06
21.96 11.22 0.06
21.98 11.15 0.04
21.89 11.15 0.05
21.89 11.29 0.19
21.86 11.24 0.09
21.79 11.18 0.07
21.75 11.25 0.14
21.68 11.21 0.10
21.86 11.43 0.21
21.93 11.36 0.28
21.92 11.36 0.28
21.89 11.39 0.35
21.84 11.47 0.40
21.81 11.42 0.16
21.72 11.41 0.16
21.75 11.34 0.19
21.70 11.35 0.21
21.72 11.30 0.18
21.63 11.43 0.20
21.60 11.43 0.21
21.61 11.36 0.20
21.62 11.35 0.20
21.99 11.07 0.04
21.92 10.99 0.03
22.05 10.93 0.13
22.01 10.83 0.05
21.93 10.90 0.02
21.87 10.82 0.01
21.77 10.91 0.03
21.76 10.83 0.04
21.76 11.08 0.07
21.68 11.01 0.14
22.37 10.82 0.39
22.33 10.64 0.29
22.24 10.81 0.30
22.17 10.80 0.26
22.16 10.69 0.13
22.17 10.53 0.15
22.55 10.29 0.31
22.42 10.50 0.38
22.41 10.51 0.37
22.44 10.41 0.33
22.34 10.38 0.19
22.28 10.37 0.14
22.24 10.47 0.21
22.18 10.37 0.16
22.38 10.31 0.21
22.36 10.30 0.17
22.29 10.29 0.13
22.20 10.29 0.15
22.21 10.22 0.14
22.37 10.84 0.45
22.30 10.85 0.51
22.28 10.78 0.57
22.23 10.88 0.64
22.26 10.79 0.62
22.27 10.85 0.76
22.23 10.90 0.73
22.10 10.74 0.06
22.13 10.59 0.04
22.06 10.58 0.01
21.95 10.75 0.03
21.84 10.75 0.06
21.94 10.58 0.01
21.98 10.50 0.02
21.90 10.50 0.01
21.89 10.49 0.01
21.86 10.59 0.05
21.83 10.51 0.06
21.85 10.69 0.12
21.82 10.75 0.09
21.72 10.77 0.11
21.77 10.71 0.20
21.69 10.70 0.19
21.82 10.53 0.13
21.79 10.62 0.19
21.73 10.64 0.25
21.67 10.63 0.24
21.74 10.56 0.27
21.66 10.56 0.28
22.11 10.37 0.12
22.05 10.43 0.06
22.12 10.29 0.13
22.14 10.22 0.11
22.08 10.27 0.03
21.91 10.42 0.00
21.88 10.35 0.03
21.87 10.42 0.01
21.84 10.44 0.08
21.80 10.36 0.08
21.79 10.34 0.07
22.01 10.26 0.01
21.81 10.27 0.04
21.82 10.47 0.24
21.86 10.46 0.17
21.82 10.40 0.26
21.83 10.38 0.18
21.83 10.38 0.16
21.79 10.36 0.25
21.75 10.34 0.14
21.72 10.34 0.22
21.75 10.49 0.29
21.75 10.41 0.31
21.75 10.41 0.31
21.70 10.40 0.28
21.67 10.48 0.28
21.64 10.47 0.24
22.05 11.46 0.71
22.07 11.40 0.80
22.05 11.38 0.72
22.01 11.44 0.61
21.94 11.50 0.56
22.05 11.48 0.87
21.91 11.53 0.96
22.12 11.35 0.93
22.06 11.43 0.97
22.08 11.23 0.76
22.16 11.25 0.88
22.09 11.25 0.85
22.13 11.15 0.80
22.02 11.46 1.11
21.88 11.52 1.03
21.82 11.60 0.98
21.84 11.54 1.10
21.84 11.54 1.10
21.81 11.62 1.07
21.85 11.66 1.26
21.84 11.64 1.17
21.88 11.58 1.29
21.87 11.56 1.20
21.58 11.29 0.11
21.51 11.34 0.15
21.47 11.31 0.14
21.59 11.24 0.09
21.60 11.16 0.10
21.52 11.24 0.09
21.47 11.18 0.17
21.45 11.25 0.14
21.51 11.43 0.21
21.37 11.39 0.16
21.38 11.34 0.15
21.42 11.19 0.23
21.38 11.26 0.16
21.37 11.23 0.19
21.33 11.20 0.27
21.30 11.42 0.11
21.25 11.39 0.04
21.26 11.31 0.03
21.32 11.25 0.10
21.31 11.18 0.17
21.31 11.16 0.09
21.27 11.16 0.06
21.58 11.02 0.18