19.90 13.37 15.18
19.86 13.43 15.24
19.94 13.41 15.07
19.94 13.39 15.08
19.91 13.33 15.02
19.95 13.31 15.12
20.01 13.25 15.25
19.87 13.31 15.22
19.92 13.28 15.33
20.03 13.21 15.09
20.19 13.24 14.88
20.26 13.22 14.80
20.33 12.98 14.85
20.27 12.95 14.96
20.28 12.89 14.91
20.21 12.95 14.96
20.07 13.36 14.73
20.14 13.33 14.74
20.13 13.33 14.81
20.06 13.36 14.79
20.14 13.29 14.67
20.00 13.36 14.64
20.00 13.27 14.92
20.05 13.21 15.00
20.70 13.05 14.17
20.63 13.19 14.16
20.53 13.19 14.26
20.57 12.96 14.40
20.63 12.97 14.31
20.57 13.11 14.31
20.50 13.15 14.32
20.31 12.93 14.79
20.31 12.86 14.84
20.45 12.91 14.55
20.34 12.90 14.60
20.38 12.79 14.63
20.35 12.74 14.68
20.31 12.84 14.66
20.32 12.77 14.70
20.60 12.76 14.43
20.47 12.90 14.54
20.70 12.61 14.43
20.74 12.51 14.46
20.71 12.46 14.52
20.58 12.58 14.54
20.54 12.55 14.65
20.54 12.68 14.57
20.49 12.80 14.57
20.47 13.26 14.14
20.40 13.17 14.28
20.35 13.18 14.26
20.22 13.36 14.00
20.17 13.43 13.96
20.13 13.41 14.12
20.10 13.38 14.20
20.26 13.30 14.12
20.17 13.34 14.19
20.24 13.18 14.38
20.19 13.16 14.57
20.29 13.00 14.66
20.29 13.04 14.73
20.32 12.92 14.62
20.29 12.97 14.68
20.21 13.19 14.64
20.25 13.13 14.68
20.13 13.20 14.55
19.98 13.29 14.59
20.18 13.23 14.35
20.15 13.19 14.43
20.14 13.18 14.47
20.08 13.21 14.40
20.01 13.23 14.37
19.99 13.22 14.45
19.88 14.00 14.36
19.89 13.98 14.37
19.89 13.91 14.41
19.85 13.97 14.48
19.76 14.11 14.30
19.83 14.07 14.31
19.76 14.11 14.30
19.83 14.07 14.32
19.73 14.07 14.38
19.79 14.03 14.43
19.80 14.12 14.20
19.87 14.02 14.25
19.88 13.93 14.12
19.80 14.07 14.05
19.90 13.94 14.30
19.86 13.84 14.27
19.96 13.95 13.84
19.82 14.07 13.95
19.91 14.02 13.80
19.90 14.03 13.89
20.04 13.85 13.71
19.96 14.03 13.61
19.94 14.02 13.66
19.90 14.09 13.58
19.87 14.06 13.66
20.07 13.82 13.91
20.11 13.72 13.96
20.02 13.80 14.02
20.08 13.67 14.01
20.12 13.75 13.86
20.15 13.67 13.91
20.16 13.55 13.89
20.00 13.89 13.98
19.87 14.01 13.99
19.86 14.00 14.05
19.93 13.80 14.11
19.51 14.51 13.61
19.55 14.39 13.77
19.63 14.43 13.47
19.75 14.08 13.59
19.69 14.17 13.53
19.62 14.23 13.57
19.59 14.18 13.62
19.63 14.12 13.57
19.64 14.09 13.58
19.67 14.23 14.14
19.67 14.20 14.06
19.60 14.25 14.12
19.65 14.21 14.21
19.63 14.09 14.49
19.52 14.20 14.43
19.49 14.16 14.49
19.64 14.12 14.38
19.55 14.19 14.26
19.49 14.28 14.20
19.39 14.39 14.14
19.56 14.32 14.00
19.46 14.34 14.10
19.42 14.39 13.99
19.48 14.23 14.27
19.33 14.33 14.31
19.27 14.25 14.46
19.66 14.10 13.94
19.73 14.10 14.03
19.74 14.09 13.93
19.57 14.29 13.92
19.60 14.16 13.94
19.60 14.11 13.84
19.56 14.20 13.80
19.76 14.05 13.79
19.70 14.04 13.64
19.63 14.08 13.65
19.61 14.10 13.67
19.57 13.91 14.87
19.61 13.85 14.91
19.52 13.85 15.00
19.56 13.73 15.00
19.61 13.66 14.93
19.82 13.60 15.32
19.82 13.64 15.23
19.86 13.54 15.26
19.75 13.71 15.29
19.72 13.67 15.37
19.71 13.68 15.37
19.76 13.67 15.19
19.76 13.71 15.26
19.69 13.72 15.25
19.76 13.56 15.38
19.83 13.48 15.30
19.65 13.56 15.44
19.65 13.70 15.35
19.65 13.70 15.36
19.62 13.65 15.42
19.52 13.63 15.46
19.41 13.72 15.35
19.41 13.72 15.35
19.47 13.67 15.38
19.45 13.65 15.43
19.38 13.68 15.42
19.68 13.72 15.26
19.58 13.68 15.28
19.51 13.68 15.19
19.49 13.68 15.28
19.43 13.72 15.21
19.42 13.72 15.26
19.83 13.57 15.07
19.83 13.61 15.13
19.89 13.48 15.03
19.86 13.39 15.01
19.75 13.56 15.04
19.81 13.51 15.01
19.80 13.35 15.22
19.78 13.38 15.27
19.67 13.55 14.99
19.61 13.64 15.03
19.60 13.65 15.11
19.53 13.70 15.09
19.53 13.70 15.09
19.43 14.00 15.01
19.31 14.02 15.11
19.23 14.15 14.93
19.16 14.22 14.97
19.27 14.11 15.05
19.24 14.08 15.14
19.13 14.21 15.10
19.20 14.17 15.09
19.17 14.12 15.16
19.44 14.03 14.90
19.40 14.07 14.78
19.51 13.92 14.77
19.40 14.05 14.70
19.25 14.15 14.83
19.22 14.23 14.69
19.36 14.12 14.66
19.24 14.24 14.60
19.42 13.87 15.12
19.25 13.90 15.19
19.23 13.88 15.26
19.41 13.75 15.24
19.20 13.87 15.36
19.35 13.71 15.45
19.00 14.03 15.36
19.06 13.90 15.52
19.02 13.93 15.54
19.08 13.97 15.31
19.03 14.05 15.26
19.21 13.99 15.13
19.13 14.05 15.17
19.18 13.93 15.17
19.11 14.00 15.23
19.77 14.02 14.53
19.83 13.90 14.51
19.79 13.95 14.57
19.74 13.99 14.60
19.74 13.90 14.60
19.75 13.75 14.69
19.75 13.79 14.60
19.80 13.79 14.48
19.82 13.71 14.35
19.81 13.68 14.55
19.70 13.75 14.78
19.79 13.59 14.78
19.91 13.43 14.79
19.81 13.42 14.86
19.86 13.35 14.92
19.85 13.35 14.94
19.74 13.46 14.87
19.73 13.46 14.95
19.64 13.61 14.86
19.67 13.50 14.87
19.64 13.54 14.91
19.66 13.51 14.93
19.95 13.47 14.67
19.90 13.49 14.56
19.94 13.36 14.55
19.85 13.67 14.32
19.90 13.67 14.19
19.88 13.52 14.28
20.02 13.54 14.08
20.04 13.42 14.15
20.03 13.41 14.19
19.99 13.49 14.13
19.89 13.45 14.32
19.87 13.50 14.38
19.92 13.40 14.27
19.93 13.33 14.48
19.97 13.31 14.31
19.90 13.37 14.36
19.94 13.27 14.38
19.60 14.04 14.56
19.52 13.95 14.67
19.60 13.89 14.70
19.39 14.13 14.52
19.43 14.06 14.61
18.38 16.10 14.80
18.74 15.77 14.56
18.61 15.89 14.55
18.66 15.83 14.60
18.69 15.85 14.49
18.48 15.95 14.48
18.38 15.95 14.54
18.64 16.20 13.73
18.69 16.12 13.78
18.68 16.12 13.78
18.67 16.05 13.82
18.65 16.10 13.88
18.60 16.05 13.91
18.59 16.01 13.84
18.59 15.99 13.97
18.55 15.96 13.88
18.71 15.84 14.39
18.75 15.71 14.47
18.70 15.84 14.30
18.73 15.75 14.35
18.80 15.56 14.26
18.70 15.68 14.21
18.74 15.55 14.11
18.59 15.95 14.33
18.66 15.84 14.22
18.47 16.07 14.33
18.44 16.03 14.38
18.56 16.02 14.20
18.65 15.72 14.02
18.63 15.92 14.08
18.61 15.84 14.04
18.60 15.79 13.98
18.60 15.79 13.98
18.02 16.59 14.16
18.02 16.48 14.31
17.96 16.54 14.36
18.31 16.20 14.74
18.33 16.19 14.83
18.25 16.26 14.79
18.10 16.31 14.95
18.15 16.33 14.75
18.15 16.33 14.66
18.27 16.16 14.65
18.31 16.04 14.65
18.16 16.29 14.60
18.16 16.23 14.45
18.21 16.15 14.50
17.99 16.40 14.81
18.08 16.38 14.73
17.94 16.44 14.70
17.84 16.42 14.72
18.10 16.38 14.64
18.07 16.36 14.47
17.98 16.47 14.58
17.87 16.46 14.64
18.30 16.53 13.91
18.32 16.50 13.93
18.30 16.55 13.99
18.29 16.55 13.99
18.34 16.45 14.03
18.37 16.33 14.02
18.27 16.51 14.07
18.24 16.61 13.96
18.22 16.60 14.02
18.08 16.66 13.99
18.12 16.67 13.83
18.11 16.51 14.11
18.10 16.53 14.09
18.50 16.31 13.76
18.57 16.26 13.79
18.52 16.30 13.68
18.38 16.36 13.92
18.37 16.34 13.65
18.37 16.38 13.73
18.25 16.56 13.80
18.30 16.55 13.53
18.32 16.44 13.67
18.24 16.60 13.53
18.16 16.61 13.50
18.15 16.63 13.58
18.43 16.12 14.21
18.38 16.07 14.36
18.37 16.06 14.39
18.35 16.02 14.48
18.27 16.33 14.12
18.07 16.51 14.20
18.13 16.44 14.16
18.98 15.93 13.61
18.97 15.93 13.69
18.96 15.92 13.70
19.03 15.85 13.66
19.01 15.83 13.73
18.94 15.89 13.76
18.98 15.88 13.54
19.02 15.83 13.58
19.03 15.75 13.62
18.96 15.80 13.50
18.97 15.74 13.54
18.91 15.72 13.46
18.93 15.65 13.36
18.94 15.63 13.33
19.14 16.00 12.96
19.12 15.97 13.03
19.17 15.97 12.94
19.22 15.84 12.93
19.24 15.83 13.02
19.22 15.83 13.08
19.19 15.86 13.10
19.22 15.73 13.08
19.19 15.78 13.13
19.24 15.76 12.98
19.22 15.69 13.02
19.12 15.82 13.14
19.05 15.84 13.12
19.05 15.84 13.12
19.19 15.84 12.84
19.19 15.78 12.69
19.13 15.79 12.60
19.20 15.72 12.73
19.16 15.70 12.65
19.21 15.68 12.84
19.22 15.65 12.95
19.19 15.62 12.88
19.18 15.62 12.87
19.04 15.67 12.85
19.11 15.64 12.87
19.18 15.66 12.76
19.16 15.63 12.69
19.12 15.59 12.72
19.11 15.62 12.79
19.03 15.63 12.79
19.11 15.79 13.14
19.17 15.71 13.10
19.17 15.67 13.03
19.09 15.68 13.02
19.09 15.72 13.09
18.97 15.72 13.19
19.02 15.74 13.09
18.99 15.69 13.14
19.02 15.73 13.08
19.01 15.69 13.03
18.98 15.65 13.07
18.98 15.64 13.05
18.99 15.60 13.17
18.95 15.50 13.13
19.17 15.63 12.96
18.98 15.77 13.77
18.90 15.74 13.81
19.00 15.73 13.72
18.94 15.68 13.75
18.97 15.69 13.63
18.86 15.64 13.78
18.84 15.68 13.83
18.81 15.59 13.82
18.85 15.53 13.76
19.00 15.25 13.92
18.94 15.39 13.93
18.87 15.42 14.09
18.78 15.56 13.91
18.75 15.52 13.99
18.93 15.47 13.88
18.87 15.54 13.84
18.90 15.69 13.57
18.86 15.63 13.61
18.88 15.66 13.50
18.86 15.58 13.54
18.90 15.61 13.44
18.90 15.61 13.44
18.91 15.49 13.41
18.89 15.54 13.48
18.86 15.52 13.58
18.84 15.57 13.64
18.87 15.46 13.70
18.90 15.40 13.47
18.91 15.35 13.50
19.14 15.14 13.89
19.14 15.11 13.80
19.06 15.23 13.61
19.06 15.14 13.62
19.03 15.20 13.69
19.07 15.09 13.70
18.95 15.30 13.80
18.91 15.37 13.76
18.93 15.27 13.72
18.92 15.32 13.60
18.99 15.28 13.61
18.92 15.32 13.64
19.01 15.29 13.53
19.59 14.65 13.24
19.48 14.65 13.35
19.51 14.67 13.25
19.35 14.69 13.24
19.33 14.72 13.40
19.26 14.68 13.25
18.95 15.51 13.31
18.89 15.31 13.43
18.93 15.27 13.45
18.88 15.35 13.32
18.87 15.24 13.29
18.91 15.45 13.17
18.89 15.44 13.15
18.78 15.17 13.15
19.04 15.11 13.55
18.98 15.17 13.44
18.95 15.06 13.39
19.01 15.05 13.58
18.97 14.94 13.47
18.91 14.92 13.30
18.91 14.87 13.21
18.87 15.00 13.25
18.86 14.91 13.12
18.76 15.06 13.04
18.77 15.08 13.11
18.94 16.22 12.67
18.96 16.20 12.54
18.95 16.22 12.62
18.87 16.24 12.64
18.89 16.23 12.53
18.88 16.24 12.61
18.79 16.20 12.54
18.78 16.22 12.63
19.02 16.05 12.45
18.96 16.16 12.47
18.90 16.22 12.44
18.83 16.25 12.46
19.10 16.03 12.81
19.03 16.09 12.86
18.92 16.08 12.98
18.90 16.06 13.03
19.00 16.05 12.93
18.97 16.01 12.99
18.80 16.19 12.91
18.81 16.18 12.83
18.76 16.22 12.72
19.10 15.97 12.68
19.05 16.05 12.63
19.06 15.89 12.54
18.53 16.49 13.11
18.47 16.50 13.01
18.60 16.40 13.16
18.55 16.37 13.25
18.40 16.44 13.25
18.39 16.52 13.04
18.29 16.49 13.06
18.22 16.53 13.07
18.35 16.46 13.13
18.33 16.45 13.20
18.31 16.46 13.31
18.26 16.46 13.15
18.16 16.47 13.22
18.60 16.41 13.03
18.61 16.37 12.91
18.51 16.41 12.79
18.28 16.60 12.90
18.35 16.53 12.82
18.77 16.44 12.23
18.76 16.41 12.33
18.49 16.62 12.29
18.42 16.68 12.33
18.42 16.55 12.44
18.55 16.53 12.27
18.60 16.48 12.32
18.63 16.49 12.20
18.45 16.70 12.22
18.50 16.62 12.13
18.70 16.25 12.67
18.68 16.27 12.78
18.56 16.39 12.62
18.58 16.36 12.64
18.68 16.32 12.45
18.64 16.29 12.59
18.72 16.23 12.53
18.59 16.34 12.56
18.61 16.36 12.45
18.47 16.49 12.57
18.30 16.56 12.70
18.34 16.58 12.52
18.54 16.42 12.52
18.90 15.96 13.68
18.90 15.96 13.68
18.87 15.92 13.75
18.79 15.94 13.73
18.72 15.97 13.73
18.91 15.96 13.59
18.82 15.91 13.53
18.78 16.03 13.56
18.66 16.12 13.42
18.58 16.22 13.63
18.69 16.03 13.46
18.70 16.01 13.48
18.69 16.01 13.75
18.89 15.84 13.48
18.90 15.80 13.42
18.76 15.93 13.43
18.92 15.75 13.35
18.85 15.86 13.29
18.67 16.05 13.27
18.63 16.12 13.23
18.61 16.17 13.30
18.62 16.15 13.31
18.77 15.99 13.13
18.76 15.99 13.13
18.74 15.97 13.23
18.69 16.05 13.18
18.84 15.86 13.79
18.80 15.79 13.83
18.76 15.87 13.76
18.69 15.88 13.71
18.63 15.92 13.72
18.62 15.92 13.72
18.59 15.97 13.78
18.66 15.82 13.75
18.59 15.88 13.78
18.56 15.91 13.81
18.58 15.87 13.84
18.74 15.65 13.87
18.67 15.72 13.92
18.63 15.80 13.85
18.56 16.23 13.34
18.47 16.27 13.42
18.44 16.35 13.30
18.41 16.32 13.37
18.34 16.44 13.51
18.34 16.42 13.52
18.30 16.48 13.39
18.15 16.56 13.44
18.23 16.48 13.31
19.01 15.93 13.07
18.90 15.88 13.06
18.95 15.79 13.12
18.87 15.85 13.16
18.94 15.79 13.15
18.98 15.67 12.94
18.88 15.54 12.97
18.98 15.59 12.81
18.89 15.51 12.86
18.85 15.49 13.02
18.82 15.47 12.97
18.81 15.39 13.02
18.80 15.44 12.90
18.78 15.27 13.10
18.77 15.19 12.96
18.75 15.12 13.00
18.71 15.75 14.65
18.72 15.66 14.68
18.64 15.64 14.75
18.75 15.60 14.62
18.71 15.57 14.71
18.78 15.51 14.49
18.79 15.46 14.53
18.78 15.47 14.61
18.75 15.42 14.64
18.79 15.28 14.62
18.72 15.34 14.65
18.70 15.36 14.67
18.69 15.28 14.69
18.71 15.47 14.70
18.66 15.45 14.72
18.62 15.33 14.72
18.80 15.13 14.70
18.67 15.06 14.80
18.74 15.01 14.79
18.63 15.15 14.76
18.57 15.19 14.78
18.64 15.01 14.86
18.57 15.07 14.85
18.64 14.82 14.88
18.59 14.97 14.91
18.51 15.04 14.96
18.43 15.18 14.96
18.37 14.85 15.44
18.36 14.84 15.50
18.29 14.99 15.36
18.33 14.94 15.39
18.31 14.93 15.49
18.34 14.75 15.50
18.26 14.84 15.58
18.30 14.75 15.62
18.23 14.79 15.64
18.31 14.59 15.87
18.35 14.64 15.66
18.37 14.53 15.81
18.27 14.65 16.01
18.18 14.69 16.08
18.22 14.70 15.90
18.18 14.77 15.85
18.10 14.80 15.87
18.14 14.74 15.98
18.04 14.72 16.02
18.24 14.70 15.81
18.77 14.54 15.02
18.82 14.31 15.17
18.86 14.24 15.24
18.97 14.12 15.31
18.92 14.10 15.50
18.91 14.09 15.54
18.84 14.14 15.56
18.81 14.09 15.62
18.67 14.14 15.58
18.50 14.27 15.50
18.49 14.24 15.61
18.51 14.17 15.56
18.76 14.24 15.33
18.68 14.25 15.29
18.65 14.21 15.36
18.61 14.29 15.29
18.58 14.25 15.37
18.56 14.22 15.44
18.62 14.17 15.44
18.56 14.21 15.45
18.59 14.13 15.52
18.52 14.18 15.52
18.34 15.07 15.19
18.30 15.01 15.25
18.41 14.97 15.10
18.35 14.89 15.24
18.39 14.72 15.33
18.41 14.81 15.16
18.42 14.66 15.25
18.54 14.83 14.98
18.51 14.70 15.07
18.55 14.63 14.97
18.52 14.63 15.11
18.49 14.60 15.22
18.52 14.57 15.03
18.54 14.50 15.09
18.37 14.61 15.40
18.43 14.52 15.36
18.45 14.41 15.51
18.48 14.36 15.64
18.56 14.46 15.21
18.54 14.37 15.36
18.60 14.39 15.13
18.33 16.13 14.96
18.37 15.97 15.06
18.40 16.01 14.84
18.39 16.06 14.91
18.39 15.87 14.93
18.33 15.87 15.20
18.35 15.77 15.21
18.24 15.94 15.24
18.14 15.93 15.31
18.37 15.81 15.14
18.36 15.78 15.08
18.35 15.74 15.01
18.33 15.71 15.11
18.63 15.73 14.73
18.56 15.83 14.67
18.46 15.78 14.66
18.50 15.70 14.74
18.33 15.96 14.70
18.33 15.89 14.74
18.41 15.84 14.59
18.41 15.82 14.59
18.35 15.88 14.57
18.31 15.93 14.63
18.34 15.86 14.57
18.37 15.79 14.61
18.36 15.74 14.68
18.33 15.81 14.60
18.32 15.81 14.60
18.29 15.86 14.66
18.29 15.79 14.71
18.33 15.75 14.82
18.33 15.74 14.83
18.36 15.66 14.87
18.35 15.62 14.90
18.44 15.56 14.77
18.51 15.51 14.76
18.33 15.72 14.75
18.40 15.66 14.75
18.39 15.60 14.81
18.28 15.74 15.28
18.18 15.82 15.33
18.21 15.67 15.27
18.11 15.63 15.29
18.09 15.83 15.32
18.31 15.69 15.22
18.18 15.57 15.24
18.25 15.56 15.12
18.12 15.44 15.30
18.20 15.28 15.28
18.03 15.50 15.34
17.95 15.48 15.40
18.30 15.55 15.03
18.28 15.53 15.09
18.31 15.45 15.00
18.40 15.41 14.84
18.35 15.39 14.91
18.47 15.35 14.78
18.42 15.32 14.86
18.29 15.35 15.12
18.27 15.32 15.17
18.34 15.26 15.02
18.33 15.23 15.12
18.22 16.20 15.00
18.16 16.12 15.14
18.08 16.16 15.15
18.13 16.07 15.20
18.02 16.05 15.25
18.06 15.96 15.30
17.98 15.97 15.24
17.98 16.14 15.20
17.91 15.93 15.18
18.00 16.32 15.02
17.99 16.30 15.05
17.90 16.29 15.04
17.94 16.22 15.13
17.87 16.23 15.08
17.86 16.34 14.93
17.78 16.34 14.87
17.72 16.22 14.94
17.89 16.15 15.14
17.85 15.97 15.13
17.77 15.99 15.10
17.76 16.14 15.01
17.66 16.10 15.02
17.70 16.02 15.09
18.04 15.89 15.29
18.01 15.80 15.26
17.93 15.78 15.21
17.97 15.69 15.26
17.89 15.88 15.18
17.81 15.90 15.15
17.85 15.81 15.20
17.75 15.80 15.26
17.86 15.65 15.27
17.72 15.73 15.28
17.73 15.54 15.30
17.68 15.62 15.28
17.74 15.93 15.13
17.61 15.84 15.22
17.54 15.89 15.23
17.48 15.81 15.38
17.65 15.76 15.28
17.55 15.74 15.33
18.13 15.09 15.40
18.19 15.18 15.27
18.00 15.07 15.59
18.00 15.06 15.60
18.10 15.29 15.37
18.06 15.35 15.43
18.06 15.35 15.44
18.03 15.29 15.46
18.03 15.29 15.47
17.99 15.21 15.48
17.99 15.40 15.46
17.95 15.33 15.47
17.88 15.34 15.43
17.94 15.28 15.47
17.85 15.27 15.45
17.93 15.10 15.58
17.89 15.19 15.52
17.79 15.13 15.51
18.00 14.94 15.76
18.00 14.89 15.79
17.91 14.89 15.70
17.73 15.03 15.62
18.02 14.81 15.84
17.95 14.82 15.78
17.85 14.80 15.83
17.82 14.75 15.88
17.59 14.88 15.99
17.81 14.88 15.76
17.66 14.90 15.70
17.68 14.82 15.88
17.84 15.44 15.40
17.74 15.38 15.39
17.63 15.50 15.32
17.57 15.43 15.48
17.63 15.36 15.43
17.54 15.41 15.59
17.57 15.32 15.64
17.55 15.25 15.67
17.60 15.27 15.58
17.59 15.20 15.62
17.51 15.36 15.65
17.47 15.29 15.67
17.75 15.22 15.45
17.72 15.15 15.47
17.62 15.15 15.56
17.68 15.25 15.44
17.62 15.30 15.47
17.64 15.18 15.47
17.61 15.23 15.51
17.46 15.70 15.51
17.43 15.59 15.63
17.56 15.55 15.35
17.32 15.61 15.75
17.37 15.50 15.77
17.36 15.41 15.77
17.46 15.48 15.64
17.40 15.33 15.68
17.34 15.34 15.81
17.30 15.38 15.84
17.25 15.23 15.88
17.19 15.28 16.22
17.19 15.28 16.24
17.18 15.21 16.12
17.24 15.17 16.19
17.11 15.30 16.21
17.11 15.30 16.21
17.37 14.98 16.03
17.12 15.23 16.07
17.21 15.19 15.94
17.19 15.17 16.01
17.65 15.05 15.58
17.59 15.01 15.64
17.51 15.18 15.69
17.55 15.05 15.66
17.44 15.21 15.67
17.37 15.25 15.69
17.41 15.13 15.69
17.34 15.17 15.68
17.32 15.20 15.72
17.32 15.24 15.78
17.45 14.93 15.97
17.39 14.95 15.86
17.59 14.93 15.66
17.56 14.88 15.73
17.52 14.96 15.65
17.45 15.01 15.67
17.49 14.91 15.70
17.42 14.94 15.70
17.50 14.87 15.82
17.40 14.92 15.79
17.28 15.12 15.89
17.34 15.01 15.92
17.38 15.05 15.69
17.36 15.07 15.70
17.36 15.02 15.73
17.36 14.99 15.75
17.33 15.05 15.81
17.34 15.03 15.82
17.31 15.13 15.76
19.08 14.99 14.34
19.09 15.01 14.24
19.09 14.93 14.28
19.19 15.03 14.04
19.24 15.00 13.97
19.25 14.82 14.07
19.13 15.02 14.14
19.17 14.91 14.15
19.08 14.89 14.54
19.08 14.94 14.46
19.01 14.94 14.56
19.11 14.82 14.44
19.10 14.71 14.42
19.13 14.57 14.53
19.07 14.69 14.52
19.05 14.62 14.56
19.08 14.79 14.55
19.05 14.83 14.58
18.98 14.87 14.58
19.02 14.74 14.57
19.25 14.70 14.15
19.30 14.62 14.19
19.14 14.80 14.27
19.24 14.57 14.31
18.86 15.19 14.50
18.94 15.13 14.44
19.00 15.07 14.44
18.89 15.17 14.33
18.81 15.49 14.32
18.75 15.56 14.38
18.85 15.46 14.25
18.84 15.37 14.30
18.78 15.41 14.49
18.77 15.40 14.47
18.75 15.31 14.43
18.78 15.33 14.51
18.78 15.33 14.36
18.82 15.24 14.41
18.85 15.28 14.33
18.91 15.31 14.06
19.03 15.09 14.33
19.07 15.11 14.18
18.99 15.13 14.20
18.89 15.20 14.22
19.09 15.11 14.09
18.97 15.22 14.01
18.85 15.15 14.61
18.90 15.09 14.55
18.94 14.97 14.55
18.84 14.95 14.60
18.79 14.96 14.73
18.91 14.89 14.56
18.77 14.81 14.65
18.84 14.74 14.58
19.32 14.92 13.83
19.37 14.84 13.88
19.32 14.83 13.97
19.34 14.71 13.96
19.44 14.59 13.84
19.31 14.87 13.77
19.38 14.73 13.85
19.35 14.74 13.75
19.37 14.55 14.05
19.34 14.53 14.15
19.38 14.50 13.98
19.37 14.43 14.03
19.25 14.95 13.82
19.18 14.99 13.80
19.24 14.89 13.76
19.22 14.82 13.71
19.04 14.99 13.68
19.08 14.89 13.67
19.43 14.62 13.55
19.47 14.56 13.66
19.54 14.57 13.40
19.29 14.72 13.58
19.23 14.74 13.49
19.14 14.77 13.57
19.12 14.74 13.49
19.07 14.77 13.51
19.15 14.70 13.42
19.10 14.72 13.28
19.01 14.78 13.38
18.96 14.81 13.27
19.06 14.50 14.72
19.01 14.53 14.61
19.00 14.53 14.70
19.15 14.32 14.80
18.96 14.51 14.81
18.95 14.45 14.85
18.92 14.50 14.91
19.04 14.46 14.78
19.02 14.41 14.78
19.18 14.32 14.64
19.23 14.36 14.44
19.10 14.52 14.60
18.89 14.56 14.87
18.87 14.55 14.95
18.83 14.57 14.96
18.72 14.60 14.92
18.95 14.60 14.61
18.86 14.60 14.67
18.90 14.56 14.78
18.82 14.57 14.78
18.76 14.60 14.76
18.75 14.60 14.77
18.78 14.63 14.67
18.74 14.83 14.81
18.74 14.67 14.72
18.71 14.71 14.79
18.61 14.72 14.85
18.61 14.73 14.87
18.58 14.67 14.91
18.68 14.66 14.81
18.67 14.67 14.81
18.65 14.62 14.88
18.99 14.23 15.01
19.03 14.27 14.86
18.91 14.42 14.93
18.90 14.43 14.95
18.87 14.36 14.98
18.84 14.33 15.05
18.97 14.33 14.83
18.93 14.38 14.89
18.94 14.29 14.94
19.03 14.17 15.12
18.93 14.17 15.19
18.88 14.25 15.15
18.84 14.49 15.00
18.80 14.43 15.03
18.73 14.47 15.04
18.77 14.36 15.08
18.67 14.35 15.11
18.64 14.57 14.96
18.59 14.59 14.95
18.58 14.50 15.01
18.61 14.44 15.04
18.56 14.46 15.04
18.62 14.41 15.06
20.38 13.73 13.04
20.32 13.62 13.15
20.26 13.93 12.94
20.28 13.85 12.98
20.25 13.90 13.05
20.23 13.87 13.15
20.16 13.86 13.25
20.14 13.80 13.29
20.20 13.79 13.20
20.18 13.74 13.23
20.25 13.82 13.09
20.28 13.72 13.11
20.40 13.74 12.95
20.43 13.72 12.78
20.42 13.67 12.72
20.45 13.66 12.82
20.44 13.62 12.75
20.26 13.97 12.82
20.29 13.82 12.82
20.27 13.87 12.70
20.27 13.83 12.63
20.29 13.76 12.69
20.44 13.67 12.99
20.45 13.50 13.09
20.43 13.52 12.81
20.47 13.46 12.94
20.52 13.32 12.83
20.52 13.24 12.68
20.65 13.17 12.29
20.66 13.08 12.53
20.55 13.16 12.57
20.64 13.17 12.37
20.70 13.08 12.34
20.48 13.22 12.44
20.47 13.26 12.51
20.57 13.22 12.35
20.43 13.27 12.32
20.42 13.43 12.68
20.38 13.53 12.71
20.37 13.53 12.70
20.33 13.51 12.64
20.36 13.47 12.66
20.37 13.43 12.54
20.35 13.66 12.64
20.29 13.67 12.55
20.30 13.59 12.59
20.25 13.71 12.34
20.35 13.56 12.43
20.31 13.55 12.52
20.40 13.47 12.30
20.49 13.35 12.18
20.45 13.46 12.16
20.43 13.44 12.22
20.37 13.55 12.34
20.32 13.60 12.22
20.38 13.53 12.21
20.31 13.50 12.10
20.37 13.45 12.40
20.37 13.35 12.37
20.37 13.33 12.38
20.41 13.35 12.27
21.43 12.34 11.93
21.29 12.41 11.90
21.32 12.41 11.98
21.09 12.67 12.11
21.04 12.76 12.15
21.06 12.77 12.03
20.90 12.87 12.22
20.92 12.89 12.11
21.07 12.73 11.90
21.12 12.65 11.94
21.13 12.64 12.04
21.07 12.68 11.84
21.12 12.62 11.87
21.02 12.74 11.77
21.46 12.46 11.59
21.48 12.47 11.49
21.52 12.37 11.55
21.41 12.53 11.55
21.30 12.52 11.65
21.49 12.25 11.89
21.51 12.23 11.72
21.41 12.40 11.70
21.37 12.35 11.84
21.27 12.47 11.70
21.24 12.44 11.79
21.52 12.35 11.38
21.52 12.39 11.45
21.53 12.31 11.49
21.43 12.49 11.36
21.37 12.55 11.36
21.36 12.45 11.24
21.35 12.44 11.23
21.42 12.41 11.26
21.50 12.10 11.44
21.29 12.63 11.49
21.10 12.77 11.41
21.11 12.67 11.57
21.20 12.51 11.71
21.19 12.51 11.75
21.19 12.71 11.27
21.29 12.49 11.21
21.19 12.66 11.12
21.03 12.80 11.22
21.10 12.79 11.04
20.72 13.24 11.25
20.91 13.07 11.07
20.93 13.16 10.90
20.94 13.16 10.83
21.00 13.09 10.86
20.97 13.08 10.97
21.02 13.02 10.91
20.83 13.19 11.04
20.86 13.20 10.91
20.81 13.23 10.79
20.50 13.70 11.11
20.44 13.62 11.26
20.53 13.52 11.17
20.70 13.52 10.99
20.71 13.51 10.99
20.60 13.37 11.26
20.62 13.73 10.77
20.63 13.67 10.84
20.75 13.56 10.60
20.71 13.50 10.63
20.69 13.55 10.70
20.62 13.70 10.52
20.67 13.63 10.56
20.68 13.55 10.79
20.73 13.47 10.93
20.77 13.38 10.98
20.69 13.48 10.74
20.75 13.33 10.83
20.68 13.32 10.74
20.75 12.98 12.30
20.81 12.93 12.33
20.81 12.89 12.26
20.71 13.03 12.19
20.77 12.95 12.13
20.75 13.03 12.00
20.63 13.21 12.08
20.61 13.21 12.17
20.71 13.07 12.07
20.88 12.94 11.99
20.84 12.99 11.84
20.91 12.92 11.79
20.74 13.09 11.79
20.67 13.15 11.75
20.79 13.01 11.74
20.57 13.27 12.05
20.45 13.37 12.00
20.31 13.46 12.03
20.31 13.52 11.81
20.33 13.45 11.89
20.53 13.22 11.71
20.46 13.28 11.77
20.56 13.21 11.54
20.34 13.38 11.72
20.38 13.34 11.74
20.38 13.30 11.67
20.43 13.35 11.46
20.32 13.43 11.51
20.43 13.29 11.53
20.87 12.90 11.53
20.94 12.86 11.55
20.83 12.88 11.36
20.95 12.80 11.40
20.80 12.97 11.58
20.74 13.04 11.54
20.78 12.99 11.30
20.79 12.94 11.42
20.98 12.92 11.06
21.06 12.86 11.01
20.96 12.80 11.32
20.89 12.83 11.31
20.92 12.84 11.20
20.87 13.01 11.10
20.86 12.91 11.16
20.70 13.13 11.49
20.75 13.12 11.31
20.77 13.12 11.20
20.63 13.30 11.39
20.72 13.25 13.84
20.70 13.23 13.97
20.86 13.15 13.80
20.90 13.03 13.81
20.81 13.20 13.71
20.80 13.08 13.97
20.75 13.14 14.02
20.81 12.93 14.05
20.78 12.88 14.11
20.88 12.89 13.89
20.86 13.09 13.68
20.85 13.05 13.62
20.75 13.18 13.54
20.87 12.92 13.70
20.87 12.99 13.38
20.85 12.97 13.48
20.89 12.85 13.50
20.80 13.06 13.44
20.87 12.82 13.76
20.84 12.68 13.84
20.94 12.52 13.65
20.65 12.81 14.22
20.71 12.67 14.21
20.74 12.59 14.26
20.78 12.75 14.07
20.75 12.58 14.08
20.80 12.42 14.36
20.78 12.40 14.46
20.78 12.35 14.40
20.80 12.34 14.22
20.78 12.41 14.00
20.86 12.41 13.73
20.81 12.46 13.78
20.83 12.31 13.87
20.78 12.38 14.11
20.80 12.27 14.08
20.83 12.16 14.14
20.89 12.18 13.88
20.90 12.05 13.99
20.95 12.88 13.26
20.94 12.84 13.20
20.89 12.95 13.23
20.97 12.80 13.31
20.95 12.85 13.37
20.93 12.78 13.41
20.76 13.05 13.26
20.82 12.94 13.14
20.81 12.89 13.08
20.88 12.85 13.10
20.89 12.75 12.88
20.94 12.69 12.95
20.93 12.71 13.00
20.82 12.80 12.86
20.81 12.81 12.95
20.75 12.83 12.85
21.02 12.48 13.50
20.97 12.54 13.55
21.02 12.41 13.54
20.97 12.47 13.59
21.03 12.51 13.39
21.02 12.29 13.34
20.94 12.30 13.61
21.01 12.22 13.38
20.99 12.31 13.51
20.97 12.17 13.59
20.93 12.19 13.76
20.98 11.98 13.79
20.99 11.91 13.83
21.04 11.99 13.51
21.01 11.97 13.62
20.99 11.94 13.72
20.99 11.87 13.77
20.98 11.86 13.59
21.08 12.04 13.30
21.05 12.02 13.41
21.09 11.92 13.28
21.06 11.82 13.25
21.01 11.89 13.48
21.03 11.69 13.50
21.03 11.80 13.35
21.06 11.74 13.29
21.06 11.64 13.45
20.54 13.30 13.96
20.60 13.32 13.74
20.35 13.47 13.75
20.39 13.43 13.68
20.37 13.46 13.57
20.43 13.36 13.79
20.38 13.39 13.80
20.40 13.31 13.85
20.37 13.29 13.95
20.30 13.46 13.85
20.25 13.39 13.89
20.23 13.36 13.94
20.33 13.35 13.85
20.62 13.27 13.50
20.69 13.27 13.58
20.62 13.29 13.58
20.58 13.29 13.30
20.69 13.20 13.44
20.49 13.35 13.45
20.44 13.51 13.18
20.44 13.38 13.35
20.06 13.77 13.67
20.12 13.74 13.50
20.14 13.66 13.55
20.27 13.57 13.69
20.14 13.68 13.74
20.29 13.50 13.46
20.23 13.55 13.43
20.33 13.50 13.28
20.25 13.55 13.34
20.14 13.70 13.34
20.09 13.79 13.39
20.23 13.65 13.19
20.70 13.15 13.29
20.70 13.11 13.23
20.61 13.26 13.11
20.62 13.25 13.06
20.64 13.22 13.07
20.61 13.17 12.97
20.67 13.02 13.10
20.54 13.30 13.12
20.47 13.37 13.17
20.56 13.30 13.03
20.55 13.17 12.83
20.67 12.98 12.70
20.60 13.04 12.72
20.57 13.06 12.93
20.61 13.00 13.02
20.67 12.95 13.05
20.62 12.94 12.87
20.68 12.88 12.91
20.71 12.89 12.75
21.68 11.76 11.70
21.72 11.69 11.77
21.65 11.72 11.77
21.77 11.70 11.67
21.60 11.62 11.90
21.75 11.56 11.75
21.63 11.55 11.95
21.47 11.46 12.18
21.50 11.47 12.04
21.53 11.36 12.06
21.66 11.42 11.93
21.70 11.43 11.83
21.67 11.30 11.91
21.39 11.43 12.56
21.42 11.45 12.37
21.46 11.18 12.52
21.23 11.25 12.95
21.34 11.28 12.75
21.32 11.21 12.79
21.28 11.11 12.75
21.35 11.07 12.59
21.28 11.07 12.69
21.73 10.99 12.54
21.74 11.00 12.47
21.79 10.90 12.50
21.85 10.80 12.40
21.80 10.93 12.39
21.82 10.77 12.49
21.68 10.90 12.58
21.76 10.89 12.14
21.82 10.88 12.33
21.86 10.78 12.30
21.81 10.80 12.19
21.96 10.62 12.35
21.95 10.64 12.37
21.99 10.55 12.43
22.00 10.53 12.44
21.99 10.49 12.37
21.63 11.10 12.37
21.69 11.05 12.42
21.58 11.20 12.33
21.51 11.34 12.16
21.50 11.35 12.24
21.76 11.03 12.03
21.72 11.12 11.98
21.70 11.00 12.26
21.61 11.16 12.17
21.58 11.23 12.05
21.67 11.05 12.49
21.64 11.00 12.54
21.60 11.08 12.48
21.57 11.02 12.51
21.50 11.06 12.52
21.51 10.88 12.57
21.47 10.98 12.52
21.40 10.94 12.58
21.47 12.30 12.05
21.49 12.20 12.10
21.42 12.22 12.19
21.48 12.13 12.15
21.33 12.37 12.08
20.98 12.75 12.42
20.95 12.73 12.54
21.06 12.59 12.55
20.98 12.63 12.59
21.14 12.46 12.32
21.13 12.48 12.40
21.04 12.68 12.38
21.10 12.55 12.27
21.26 12.23 12.55
21.29 12.15 12.50
21.24 12.24 12.45
21.21 12.29 12.51
21.29 12.04 12.66
21.52 12.14 11.87
21.53 11.99 11.95
21.51 12.08 12.08
21.54 12.01 11.67
21.57 11.96 11.76
21.60 11.84 11.59
21.53 11.95 11.55
21.54 11.90 11.65
21.56 11.87 11.66
21.60 11.79 11.71
21.57 11.79 11.80
21.57 11.76 11.82
21.47 11.91 12.10
21.50 11.79 12.08
21.45 11.70 12.22
21.36 11.68 12.28
21.53 11.81 11.97
21.55 11.76 11.91
21.53 11.66 12.06
21.46 11.54 12.13
21.22 11.86 13.13
21.22 11.77 13.14
21.15 11.83 13.18
21.27 11.84 12.96
21.29 11.76 13.01
21.26 11.79 12.71
21.26 11.84 12.78
21.25 11.76 12.82
21.24 11.73 12.75
21.26 11.65 12.80
21.28 11.61 12.91
21.16 11.64 13.20
21.24 11.63 13.08
21.10 11.54 13.32
21.10 11.54 13.31
21.11 11.50 13.26
21.20 11.49 12.99
21.14 11.48 13.08
21.16 11.35 13.06
21.29 11.81 12.61
21.29 11.77 12.54
21.33 11.57 12.57
21.34 11.55 12.58
21.31 11.69 12.41
21.35 11.52 12.51
21.39 11.57 12.30
21.34 11.46 12.73
21.23 11.40 12.86
19.12 15.70 12.29
19.10 15.76 12.53
19.15 15.59 12.53
19.12 15.66 12.40
19.17 15.55 12.38
19.14 15.80 12.14
19.18 15.64 12.06
19.15 15.68 12.12
19.25 15.64 11.96
19.27 15.51 11.94
19.27 15.56 12.01
19.23 15.66 11.86
19.17 15.74 11.90
19.23 15.45 12.30
19.21 15.55 12.10
19.26 15.41 12.09
19.27 15.44 11.98
19.28 15.29 12.16
19.80 14.80 11.53
19.74 14.85 11.57
19.70 14.95 11.52
19.59 15.06 11.47
19.63 15.00 11.56
19.56 15.04 11.56
19.66 15.02 11.44
19.59 15.05 11.44
19.67 14.91 11.60
19.64 14.84 11.63
19.53 14.99 11.61
19.53 14.91 11.65
19.47 14.98 11.71
19.19 15.57 11.64
19.19 15.53 11.57
19.25 15.55 11.10
19.31 15.48 11.10
19.26 15.45 11.16
19.27 15.52 11.12
19.22 15.40 11.37
19.25 15.36 11.18
19.39 15.17 11.96
19.35 15.22 12.02
19.32 15.26 11.90
19.22 15.53 11.75
19.23 15.38 11.75
19.43 15.01 11.73
19.46 15.02 11.60
19.31 15.11 11.63
19.49 15.04 11.49
19.40 15.02 11.50
19.34 15.08 11.44
19.34 15.08 11.47
19.24 15.32 11.59
19.27 15.15 11.52
19.27 15.23 11.29
19.30 15.14 11.34
18.97 16.17 12.29
18.96 16.22 12.17
18.85 16.35 12.10
19.04 16.07 12.17
18.96 16.19 12.09
18.86 16.24 11.98
19.09 15.97 12.31
19.11 15.86 12.38
19.00 16.02 12.01
19.05 15.92 11.98
18.98 15.89 11.82
18.98 15.84 11.76
18.87 16.07 11.89
18.92 15.97 11.86
18.92 15.93 11.80
18.82 16.07 11.71
18.83 16.37 12.17
18.65 16.45 12.04
18.72 16.46 12.12
18.73 16.35 11.88
18.79 16.36 12.00
18.49 16.48 12.03
18.58 16.41 11.86
18.57 16.42 11.97
18.47 16.53 11.79
18.43 16.50 11.93
18.49 16.44 11.96
18.48 16.46 11.86
18.79 16.19 11.83
18.77 16.17 11.75
18.78 16.12 11.60
18.66 16.22 11.54
18.73 16.21 11.64
18.53 16.62 11.67
18.57 16.53 11.54
18.49 16.40 11.44
19.11 15.69 11.66
19.16 15.62 11.52
19.06 15.73 11.55
19.07 15.73 11.46
18.90 15.87 11.56
18.82 15.99 11.58
18.87 15.92 11.62
18.87 15.89 11.55
18.97 15.85 11.41
18.97 15.81 11.32
18.90 15.89 11.42
18.87 15.83 11.31
18.81 15.83 11.31
19.13 15.51 11.31
19.12 15.58 11.42
19.02 15.70 11.29
19.10 15.58 11.07
19.14 15.52 11.18
19.01 15.61 11.17
18.94 15.68 11.21
18.88 15.76 11.26
18.79 15.76 11.28
18.84 15.69 11.21
18.95 15.62 11.07
18.86 15.65 11.15
18.79 15.65 11.06
18.76 16.01 11.48
18.65 16.18 11.47
18.75 15.91 11.36
18.67 15.89 11.28
18.65 16.10 11.34
18.65 16.03 11.29
18.55 16.26 11.34
18.54 16.30 11.41
18.59 16.07 11.18
18.48 16.27 11.24
18.53 16.17 11.21
18.63 15.89 11.19
18.65 15.82 11.23
18.72 15.81 11.31
18.66 15.80 11.24
18.70 15.75 11.27
18.64 15.77 11.17
18.65 15.77 11.17
18.70 15.72 11.20
18.61 15.85 10.95
18.61 15.89 11.01
18.62 16.00 11.04
18.53 16.05 11.01
18.53 15.98 10.87
18.45 16.00 10.86
20.01 14.59 11.46
20.07 14.52 11.45
20.09 14.45 11.36
20.02 14.55 11.31
19.93 14.64 11.53
19.89 14.70 11.40
19.96 14.56 11.21
19.90 14.61 11.18
19.90 14.64 11.26
19.94 14.62 11.00
19.97 14.55 11.13
20.07 14.62 10.79
20.04 14.53 10.95
19.98 14.66 10.79
19.79 14.89 11.39
19.73 14.85 11.23
19.79 14.78 11.18
19.68 14.99 11.33
19.60 14.94 11.27
19.51 14.94 11.19
19.48 14.96 11.35
19.66 14.90 11.20
19.64 14.94 11.00
19.56 14.97 10.98
19.78 14.84 10.96
19.85 14.76 11.01
19.85 14.78 10.90
19.81 14.84 10.77
19.65 14.90 10.84
19.74 14.87 10.76
19.70 14.91 10.63
19.60 14.88 10.67
19.58 14.89 10.76
20.25 14.47 10.53
20.24 14.41 10.39
20.38 14.56 9.96
20.24 14.35 10.24
20.30 14.27 10.19
20.28 14.37 10.07
20.25 14.32 10.13
20.57 13.85 10.62
20.57 13.85 10.43
20.58 13.79 10.47
20.51 13.93 10.66
20.46 13.98 10.54
20.45 13.98 10.63
20.54 13.91 10.49
20.34 14.21 10.77
20.38 14.13 10.73
20.37 14.24 10.57
20.40 14.06 10.59
20.25 14.44 10.64
20.29 14.29 10.73
20.35 14.29 10.45
20.36 14.27 10.46
20.38 14.18 10.50
20.42 14.16 10.25
20.48 14.10 10.27
20.39 14.13 10.36
20.34 14.21 10.32
20.42 14.01 10.41
20.23 14.62 9.94
20.08 14.90 9.95
20.13 14.83 9.87
20.06 14.88 10.06
19.85 14.99 10.24
19.97 15.01 10.04
19.96 14.90 10.17
19.87 15.07 10.05
19.76 15.09 10.00
19.76 15.06 10.19
19.99 15.03 9.93
19.99 15.04 9.84
20.07 14.96 9.72
19.91 15.09 9.90
19.86 15.09 9.75
20.02 14.64 10.63
19.95 14.71 10.67
19.97 14.71 10.58
20.18 14.54 10.49
19.97 14.63 10.44
19.92 14.67 10.33
19.84 14.82 10.61
19.86 14.81 10.43
19.92 14.78 10.27
19.78 14.97 10.34
20.28 14.54 10.01
20.14 14.53 10.04
20.11 14.46 10.27
20.10 14.49 10.34
20.11 14.44 10.20
20.14 14.46 10.10
20.00 14.78 10.17
20.14 14.63 9.99
20.07 14.60 10.10
20.04 14.49 10.25
19.99 14.59 10.19
19.97 14.56 10.28
20.07 14.51 10.11
20.04 14.48 10.21
19.29 15.58 10.99
19.33 15.53 11.02
19.29 15.55 10.92
19.34 15.48 10.96
19.33 15.34 11.04
19.31 15.34 10.85
19.34 15.24 10.92
19.14 15.63 10.97
19.13 15.62 11.00
19.06 15.63 10.97
19.15 15.62 10.88
19.08 15.64 10.87
19.20 15.47 10.79
19.08 15.57 10.73
19.15 15.58 10.82
19.38 15.24 10.74
19.47 15.12 10.62
19.51 14.99 10.61
19.40 15.22 10.57
19.35 15.28 10.62
19.20 15.44 10.71
19.10 15.55 10.56
19.17 15.50 10.59
19.22 15.40 10.56
19.29 15.30 10.45
19.17 15.47 10.51
19.16 15.42 10.36
19.39 15.09 11.00
19.37 15.07 11.11
19.27 15.22 11.12
19.33 15.11 11.15
19.31 15.16 11.06
19.32 15.09 11.28
19.44 14.97 11.18
19.40 14.96 11.36
19.47 14.98 10.89
19.43 15.07 10.84
18.98 15.63 10.90
18.87 15.71 10.78
18.74 15.70 10.97
18.84 15.68 10.86
18.74 15.72 10.84
19.01 15.63 10.79
18.80 15.73 10.74
18.88 15.69 10.67
18.88 15.64 10.60
18.65 15.84 10.86
18.73 15.76 10.72
18.66 15.79 10.89
18.60 15.92 10.81
18.61 15.87 10.66
18.53 15.92 10.72
18.78 15.80 10.52
18.71 15.85 10.54
18.63 15.84 10.49
18.46 15.83 10.51
18.99 15.62 10.43
18.95 15.57 10.55
18.92 15.65 10.39
18.84 15.66 10.41
18.89 15.62 10.48
18.86 15.66 10.51
19.02 15.64 10.33
19.08 15.55 10.29
19.08 15.59 10.36
19.09 15.56 10.38
18.93 15.60 10.26
18.87 15.60 10.26
18.78 15.73 10.40
18.72 15.80 10.43
18.71 15.74 10.36
18.78 15.63 10.23
18.54 15.79 10.46
18.46 15.78 10.39
18.49 15.81 10.29
18.55 15.77 10.36
18.56 15.87 10.12
18.52 15.85 10.22
18.59 15.80 10.25
19.66 15.07 10.28
19.69 15.09 10.18
19.55 15.17 10.14
19.41 15.30 10.25
19.47 15.24 10.28
19.42 15.28 10.17
19.48 15.24 10.19
19.43 15.22 10.02
19.31 15.28 10.26
19.23 15.31 10.33
19.11 15.41 10.28
19.13 15.40 10.14
19.11 15.37 10.21
19.25 15.28 10.17
19.27 15.28 10.08
19.16 15.44 10.07
19.16 15.43 10.09
19.20 15.35 10.12
19.18 15.44 9.99
19.17 15.39 9.93
19.22 15.38 10.02
19.76 15.10 9.84
19.59 15.08 9.83
19.50 15.16 9.97
19.44 15.17 9.87
19.53 15.12 9.72
19.46 15.14 9.71
19.46 15.17 9.78
19.53 15.14 9.79
19.35 15.20 9.95
19.40 15.15 9.79
19.32 15.11 9.82
19.26 15.11 9.82
19.25 15.06 9.76
19.16 15.33 9.88
19.22 15.28 9.90
19.11 15.15 9.80
19.06 15.43 10.14
19.06 15.48 10.24
19.05 15.43 10.18
18.99 15.51 10.22
18.89 15.46 10.20
18.99 15.45 10.11
18.97 15.44 10.18
18.92 15.43 10.18
18.84 15.56 10.20
18.82 15.48 10.16
19.09 15.47 10.06
19.09 15.47 10.07
19.11 15.47 9.98
19.10 15.41 9.92
19.03 15.46 9.98
18.97 15.44 10.08
18.88 15.40 10.11
18.90 15.35 9.96
18.89 15.38 10.03
18.81 15.43 10.10
18.77 15.46 9.94
18.82 15.38 9.94
18.82 15.40 10.02
18.73 15.68 10.12
18.75 15.53 10.04
18.67 15.66 9.96
18.60 15.72 10.02
18.56 15.75 9.82
18.64 15.71 9.75
18.73 15.57 9.93
18.55 15.75 9.90
19.09 15.37 9.89
18.99 15.31 9.89
19.05 15.26 9.84
18.96 15.25 9.84
18.97 15.22 9.76
18.90 15.29 9.81
18.94 15.31 9.67
18.91 15.29 9.77
18.67 15.88 9.55
18.66 15.81 9.60
18.64 15.84 9.63
18.68 15.83 9.41
18.67 15.77 9.35
18.67 15.80 9.43
18.67 15.76 9.36
18.76 15.55 9.75
18.79 15.45 9.81
18.66 15.67 9.60
18.81 15.41 9.65
18.70 15.50 9.51
20.00 14.38 12.82
19.88 14.50 12.79
19.95 14.36 13.06
19.94 14.37 13.07
20.00 14.29 13.00
19.90 14.42 12.96
20.05 14.29 12.82
19.61 14.77 12.91
19.55 14.72 13.17
19.74 14.62 12.84
19.73 14.63 12.90
19.62 14.75 12.83
19.70 14.64 12.67
19.66 14.75 12.65
20.18 14.15 12.72
20.18 14.10 12.84
20.24 14.06 12.68
20.28 13.94 12.65
20.19 14.14 12.63
20.12 14.21 12.69
20.02 14.35 12.61
20.02 14.37 12.68
20.11 14.20 12.60
19.99 14.22 12.50
20.27 13.91 12.59
20.18 14.05 12.51
20.14 13.88 12.43
20.11 14.11 12.47
20.05 14.08 12.40
19.96 14.17 12.44
19.97 14.06 12.32
19.97 14.10 12.39
19.98 14.47 12.63
19.84 14.52 12.59
19.98 14.42 12.54
19.97 14.37 12.50
19.86 14.49 12.43
19.71 14.60 12.56
19.68 14.64 12.35
19.90 14.38 12.41
19.86 14.43 12.29
19.90 14.32 12.30
19.91 14.27 12.38
19.94 14.20 12.30
19.94 14.14 12.37
19.69 14.63 12.27
19.74 14.59 12.29
19.76 14.50 12.07
19.69 14.52 12.06
20.07 14.12 13.10
19.98 14.27 13.11
19.98 14.27 13.11
20.04 14.21 13.05
20.06 14.08 13.19
20.10 13.99 13.24
19.98 14.16 13.26
19.96 14.10 13.30
19.96 14.03 13.52
20.06 13.87 13.34
19.97 13.95 13.39
19.98 13.95 13.57
20.00 13.87 13.61
20.01 13.86 13.45
19.86 14.15 13.48
19.93 14.10 13.48
19.81 14.37 13.29
19.85 14.28 13.34
19.77 14.45 13.23
19.74 14.42 13.30
19.63 14.55 13.27
19.76 14.13 13.52
19.62 14.81 12.52
19.60 14.84 12.69
19.55 14.89 12.63
19.48 14.93 12.63
19.36 15.21 12.50
19.40 15.12 12.55
19.37 15.05 12.57
19.33 14.98 12.59
19.29 15.09 12.58
19.28 15.01 12.60
19.17 15.50 12.49
19.15 15.48 12.60
19.21 15.31 12.55
19.18 15.35 12.58
19.11 15.42 12.63
19.11 15.53 12.66
19.01 15.51 12.68
19.07 15.44 12.64
19.11 15.33 12.66
19.12 15.13 12.66
18.97 15.33 12.69
18.97 15.41 12.67
18.91 15.39 12.75
18.89 15.33 12.79
19.28 15.31 12.24
19.29 15.29 12.25
19.29 15.26 12.51
19.25 15.20 12.56
19.53 14.81 12.99
19.50 14.79 13.07
19.43 14.78 13.00
19.59 14.83 12.72
19.47 14.79 12.81
19.45 14.88 12.68
19.34 14.84 12.70
19.29 14.90 12.66
19.23 14.97 12.66
19.31 14.81 12.81
19.24 14.84 12.79
19.37 14.70 13.15
19.28 14.68 13.16
19.25 14.75 12.97
19.10 14.81 13.00
19.14 14.71 13.14
19.06 14.99 12.71
19.02 15.09 12.67
19.10 14.92 12.80
19.01 14.94 12.83
18.80 15.21 12.86
18.85 15.14 12.77
18.89 15.03 12.79
19.07 14.90 12.89
18.95 14.86 12.97
18.93 14.94 12.85
18.99 14.79 13.10
18.82 15.02 12.88
18.78 15.07 12.94
18.81 14.99 12.99
19.51 15.03 12.22
19.50 14.98 12.16
19.54 14.88 12.21
19.54 14.91 12.29
19.54 14.86 12.23
19.62 14.76 12.47
19.57 14.83 12.38
19.57 14.76 12.28
19.62 14.70 12.32
19.57 14.76 11.92
19.63 14.57 12.03
19.45 15.11 12.26
19.33 15.21 12.21
19.38 15.14 12.07
19.47 14.94 11.82
19.47 14.98 11.89
20.04 14.38 11.86
20.00 14.39 11.94
20.12 14.31 11.64
20.10 14.31 11.72
20.07 14.34 11.49
20.13 14.21 11.78
20.17 14.23 11.67
20.17 14.14 11.73
19.98 14.12 12.20
20.11 14.09 11.94
20.05 14.08 12.04
20.08 13.98 12.06
20.15 13.84 12.26
20.13 13.83 12.35
20.19 13.78 12.39
20.20 13.77 12.30
20.23 13.79 12.20
20.26 13.71 12.25
20.18 13.85 12.08
20.18 13.87 12.16
20.03 13.98 12.28
20.14 14.02 11.83
20.20 13.91 11.70
20.20 13.79 11.84
20.23 13.73 12.10
20.22 13.70 12.07
20.21 13.61 12.04
20.17 13.70 11.99
20.18 13.73 11.88
20.24 13.56 11.98
20.14 14.25 11.40
20.12 14.25 11.48
20.18 14.15 11.42
20.09 14.31 11.45
20.17 14.17 11.53
20.19 14.05 11.60
20.22 14.03 11.43
20.20 13.96 11.47
20.33 13.97 11.19
20.32 13.87 11.25
20.31 13.92 11.31
20.29 13.81 11.28
20.34 13.97 11.10
20.39 13.86 11.11
20.33 13.75 11.22
20.21 13.93 11.58
20.21 13.77 11.49
20.24 13.72 11.61
20.26 13.69 11.72
20.27 13.58 11.60
20.30 13.56 11.70
20.27 13.66 11.35
20.30 13.58 11.41
20.22 13.65 11.47
19.95 14.46 11.91
19.92 14.42 11.99
19.86 14.49 11.89
19.85 14.45 11.98
19.72 14.50 11.89
19.69 14.50 11.98
19.76 14.54 11.73
20.00 14.44 11.64
19.92 14.50 11.70
19.97 14.55 11.57
19.82 14.64 11.60
19.68 14.72 11.62
19.65 14.66 11.67
19.52 14.79 11.73
19.52 14.81 11.80
19.52 14.77 11.74
19.55 14.70 11.81
19.61 14.76 11.63
19.54 14.80 11.64
19.58 14.70 11.68
19.57 14.71 11.68
19.55 14.67 11.76
19.60 14.61 11.83
19.63 14.53 11.93
20.95 11.46 15.21
20.96 11.38 15.24
21.02 11.39 15.14
20.92 11.61 15.10
20.84 11.54 15.24
20.77 11.61 15.29
20.78 11.51 15.31
20.71 11.89 15.22
20.65 11.97 15.14
20.75 11.94 15.01
20.69 11.97 14.89
20.68 11.98 14.98
20.79 11.87 15.09
20.66 11.92 15.38
20.58 11.79 15.55
20.79 11.74 15.21
20.64 11.66 15.44
20.98 11.71 14.68
21.00 11.72 14.58
21.11 11.56 14.58
21.13 11.53 14.41
20.99 11.74 14.38
20.83 11.83 14.79
20.83 11.86 14.86
20.94 11.79 14.59
20.91 11.77 14.69
20.69 11.89 14.76
20.78 11.86 14.68
20.94 11.99 14.15
20.98 11.90 14.20
20.90 12.03 14.13
20.86 12.05 14.21
20.95 11.79 14.54
21.00 11.78 14.28
20.97 11.76 14.38
20.91 11.85 14.33
20.83 11.87 14.47
21.36 11.20 14.79
21.19 11.40 14.76
21.25 11.32 14.72
21.30 11.22 14.68
21.22 11.41 14.58
21.22 11.36 14.51
21.24 11.35 14.61
21.25 11.26 14.57
21.26 11.23 14.91
21.29 11.05 14.97
21.20 11.13 15.02
21.16 11.21 14.97
21.13 11.16 15.02
21.08 11.25 14.97
21.06 11.22 15.06
21.38 11.12 14.83
21.39 11.07 14.77
21.37 11.04 14.70
21.36 10.99 14.78
21.36 10.97 14.74
21.33 10.99 14.91
21.06 11.52 14.79
21.08 11.41 14.85
20.99 11.54 14.87
21.02 11.48 14.90
20.93 11.64 14.99
20.94 11.68 14.79
20.99 11.59 14.80
21.05 11.38 14.96
21.06 11.36 14.97
21.04 11.41 15.03
21.04 11.40 15.04
21.06 11.29 15.01
21.16 11.51 14.64
20.58 11.59 15.60
20.48 11.77 15.65
20.45 11.54 15.70
20.41 11.65 15.72
20.38 11.58 15.75
20.28 11.41 15.87
20.41 11.43 15.69
20.32 11.35 15.81
20.22 11.26 16.74
20.11 11.51 16.73
20.11 11.54 16.61
20.11 11.44 16.79
20.34 11.11 16.59
20.30 11.15 16.57
20.25 11.18 16.46
20.12 11.46 16.48
20.18 11.29 16.58
20.16 11.33 16.47
20.95 10.64 16.15
20.85 10.61 16.18
20.63 10.87 16.09
20.32 11.13 16.40
20.37 11.04 16.45
20.37 11.02 16.46
20.33 11.07 16.25
20.40 11.03 16.27
20.38 11.05 16.35
20.40 10.97 16.40
20.47 11.06 15.96
20.51 11.01 16.10
20.42 11.04 16.18
20.34 11.05 16.17
20.22 11.36 16.08
20.21 11.29 16.12
20.19 11.31 16.30
20.21 11.17 16.19
20.24 11.28 15.95
20.39 11.23 15.83
20.36 11.19 15.91
20.30 11.23 15.88
20.29 11.22 15.91
20.30 11.10 16.05
20.23 11.15 16.07
21.30 10.90 15.06
21.24 11.03 15.05
21.22 11.01 15.08
21.33 10.80 14.93
21.34 10.68 14.91
21.12 10.67 15.36
21.08 10.77 15.32
21.05 10.72 15.38
21.41 10.44 15.05
21.21 10.52 15.91
21.21 10.55 15.99
21.24 10.47 15.94
21.23 10.51 16.01
21.15 10.51 16.11
21.13 10.44 16.13
21.22 10.40 15.99
21.22 10.44 16.05
21.18 10.35 16.02
21.05 10.65 16.09
20.91 10.71 16.07
20.98 10.69 16.10
20.94 10.73 15.98
21.01 10.70 16.00
21.08 10.60 15.87
21.08 10.64 15.94
20.94 10.70 15.91
21.02 10.60 16.15
20.95 10.64 15.67
20.98 10.64 15.58
20.95 10.64 15.76
21.01 10.56 15.72
21.13 10.49 15.84
21.19 10.46 15.89
21.16 10.38 15.89
21.07 10.41 15.71
21.10 10.37 15.83
21.37 10.35 15.20
21.33 10.22 15.27
21.33 10.00 15.58
21.36 10.01 15.48
21.39 9.92 15.54
21.40 9.91 15.49
21.37 9.97 15.33
21.29 10.09 15.53
21.17 10.11 15.62
21.34 10.07 15.36
21.09 10.51 15.56
21.13 10.51 15.43
21.08 10.59 15.42
21.14 10.35 15.51
21.12 10.31 15.59
21.08 10.27 15.65
21.07 10.30 15.69
21.13 11.02 15.12
21.03 11.01 15.18
20.87 11.22 15.24
20.89 11.10 15.22
21.04 10.87 15.29
20.97 10.95 15.37
20.91 10.85 15.48
20.84 11.03 15.35
20.76 11.04 15.34
20.80 10.98 15.44
20.73 11.00 15.40
20.70 10.96 15.48
20.68 11.56 15.47
20.67 11.50 15.53
20.60 11.57 15.59
20.66 11.36 15.61
20.59 11.41 15.65
20.74 11.39 15.41
20.84 11.39 15.32
20.74 11.28 15.39
20.77 11.11 15.31
20.59 11.23 15.68
20.52 11.28 15.70
20.66 11.25 15.59
20.57 11.16 15.65
20.54 11.19 15.72
20.49 11.23 15.75
20.45 11.31 15.70
20.60 11.16 15.56
20.63 11.18 15.45
20.59 11.12 15.49
20.57 11.05 15.53
20.69 11.08 15.35
20.66 11.03 15.39
20.63 10.98 15.46
20.82 10.76 15.75
20.78 10.81 15.64
20.85 10.72 15.99
20.78 10.72 15.90
20.69 10.76 15.97
20.81 10.65 16.06
20.78 10.61 16.12
20.74 10.67 16.01
20.71 10.64 16.11
20.70 10.63 16.14
20.53 11.04 15.81
20.50 11.08 15.87
20.55 10.95 15.77
20.64 10.85 15.92
20.52 11.01 15.92
20.60 10.90 15.80
20.63 10.90 15.71
20.68 10.84 15.77
20.74 10.89 15.56
20.54 11.03 15.63
20.57 10.95 15.68
20.60 10.96 15.56
20.20 11.11 16.96
20.31 11.13 16.76
20.36 11.07 16.70
20.38 10.99 16.75
20.40 10.87 16.73
20.14 11.00 17.06
20.08 10.84 17.08
20.16 10.86 17.01
20.29 10.92 16.89
20.16 10.77 16.98
20.22 10.64 16.87
20.16 11.21 16.93
20.10 11.11 17.05
20.03 11.15 17.05
20.09 11.34 16.92
19.98 11.35 17.01
20.04 10.98 17.11
19.90 11.03 17.07
19.86 10.97 17.14
20.39 10.98 16.57
20.37 10.95 16.50
20.40 10.90 16.62
20.38 10.87 16.55
20.47 10.86 16.44
20.44 10.79 16.46
20.38 10.90 16.44
20.38 10.83 16.48
20.37 10.80 16.59
20.34 10.74 16.63
20.37 10.69 16.57
20.51 10.74 16.44
20.48 10.65 16.42
20.41 10.72 16.48
20.43 10.62 16.51
20.45 10.57 16.45
20.54 10.57 16.35
20.51 10.51 16.39
20.37 10.67 16.58
20.28 10.65 16.77
20.33 10.55 16.65
20.55 10.41 16.42
20.54 10.40 16.46
20.50 10.39 16.65
20.52 10.39 16.55
20.46 10.45 16.52
20.39 10.49 16.59
20.42 10.41 16.65
20.23 10.38 16.93
20.37 10.39 16.74
20.38 10.31 16.78
20.34 10.26 16.82
20.22 10.20 16.86
20.17 10.17 16.87
20.15 10.27 17.00
20.09 10.06 16.94
20.64 10.07 16.60
20.47 10.12 16.72
20.51 9.98 16.68
20.50 10.30 16.70
20.47 10.33 16.72
20.42 10.22 16.75
20.39 10.14 16.71
20.30 10.16 16.78
20.37 10.03 16.63
20.20 10.10 16.73
20.29 10.06 16.66
20.19 10.04 16.67
20.11 10.08 16.84
20.06 10.03 16.87
20.16 9.96 16.68
20.13 10.00 16.71
20.12 9.91 16.76
20.02 10.68 17.09
20.16 10.55 16.99
19.89 10.90 17.18
19.84 10.94 17.20
19.81 10.88 17.19
19.89 10.82 17.14
19.84 10.81 17.15
19.95 10.73 17.11
20.11 10.43 17.09
20.02 10.50 17.12
19.96 10.34 17.13
19.93 10.26 17.14
19.86 10.31 17.16
19.88 10.55 17.09
19.75 10.65 17.15
19.82 10.41 17.14
19.72 10.41 17.21
20.25 10.51 16.83
20.03 10.28 17.09
20.03 10.16 17.07
20.09 10.05 16.77
20.09 10.04 16.77
20.07 10.00 16.80
20.06 10.03 16.87
20.06 9.99 16.80
19.96 10.13 17.27
19.87 10.20 17.33
19.90 10.22 17.22
19.97 10.05 17.32
19.92 10.11 17.37
19.77 10.20 17.40
19.85 10.04 17.51
19.85 10.04 17.53
19.89 9.97 17.45
19.88 9.90 17.49
19.89 9.85 17.42
19.81 10.11 17.45
19.78 10.08 17.53
19.71 10.09 17.50
19.75 10.03 17.60
19.76 10.30 17.23
19.70 10.34 17.24
19.57 10.16 17.44
19.60 10.06 17.52
19.53 10.09 17.51
19.57 9.99 17.55
19.49 10.20 17.51
19.83 9.81 17.63
19.80 9.76 17.68
19.87 9.65 17.56
19.80 9.64 17.65
19.74 9.61 17.67
19.76 9.86 17.65
19.68 9.88 17.62
19.64 9.78 17.66
19.59 9.66 17.67
19.63 9.54 17.67
19.53 9.52 17.72
19.57 9.40 17.73
19.41 10.06 17.69
19.35 10.01 17.81
19.34 9.99 17.84
19.30 9.96 17.93
19.38 9.88 17.86
19.37 9.89 17.88
19.37 9.78 17.85
19.28 9.82 18.01
19.24 9.88 18.07
19.26 9.67 17.92
19.47 9.98 17.61
19.44 9.96 17.71
19.47 9.85 17.72
19.45 9.75 17.70
19.42 9.79 17.75
19.40 9.69 17.72
19.37 9.74 17.79
19.32 9.64 17.75
19.38 9.59 17.71
19.45 9.55 17.72
19.37 9.56 17.71
19.42 9.46 17.70
19.33 9.53 17.73
20.01 10.01 17.13
20.00 10.03 17.15
19.99 10.07 17.21
19.99 9.99 17.17
19.98 9.97 17.18
19.98 9.96 17.18
19.98 9.97 17.20
19.98 10.00 17.25
19.94 9.95 17.29
19.94 9.91 17.22
20.05 10.00 16.98
19.99 9.92 17.12
19.94 9.87 17.17
19.98 9.63 17.29
19.91 9.83 17.24
19.95 9.74 17.32
20.03 9.89 16.95
20.14 9.75 16.80
20.12 9.78 16.83
20.08 9.66 16.91
20.06 9.74 17.04
20.03 9.60 17.12
20.06 9.53 17.19
20.09 9.52 17.04
20.10 9.46 17.11
20.10 9.49 17.33
20.03 9.53 17.34
20.12 9.39 17.34
20.07 9.44 17.39
20.04 9.35 17.38
20.00 9.48 17.40
19.96 9.60 17.39
19.96 9.60 17.40
19.89 9.69 17.49
19.92 9.47 17.48
19.90 9.41 17.51
19.94 9.34 17.44
19.82 9.29 17.59
19.92 9.10 17.51
19.71 9.30 17.67
19.64 9.35 17.69
20.12 9.42 17.23
20.12 9.38 17.16
20.06 9.30 17.30
19.98 9.20 17.40
20.15 9.09 17.19
20.11 9.05 17.26
20.08 8.92 17.34
21.69 9.25 15.74
21.68 9.26 15.83
21.62 9.31 15.80
21.58 9.36 15.68
21.48 9.37 15.77
21.50 9.75 15.54
21.45 9.67 15.62
21.53 9.66 15.51
21.36 9.92 15.63
21.42 9.78 15.62
21.38 9.72 15.65
21.50 9.45 15.63
21.40 9.37 15.74
21.36 9.47 15.71
21.32 9.59 15.72
21.25 9.63 15.72
21.24 9.62 15.72
21.28 9.48 15.71
21.19 9.54 15.68
21.66 9.25 15.93
21.68 9.17 15.97
21.63 9.21 15.99
21.76 9.13 15.81
21.68 9.05 15.95
21.51 9.31 15.90
21.48 9.26 15.96
21.63 9.04 16.06
21.60 9.00 16.12
21.56 9.09 16.07
21.70 8.92 15.91
21.67 8.91 16.03
21.57 8.91 16.12
21.50 8.95 16.13
21.63 8.81 16.00
21.61 8.86 16.07
21.54 8.77 16.02
21.52 8.82 16.09
21.42 9.15 16.05
21.36 9.01 16.10
21.47 8.88 16.15
21.33 8.95 16.14
21.34 9.25 15.83
21.31 9.20 15.87
21.29 9.32 15.73
21.26 9.25 15.77
21.22 9.34 15.70
21.18 9.26 15.75
21.21 9.18 15.89
21.09 9.31 15.91
21.15 9.24 15.85
21.23 9.18 15.79
21.19 9.20 15.78
21.23 9.18 15.80
21.35 9.15 16.00
21.28 9.16 15.95
21.32 9.10 16.04
21.25 9.13 16.03
21.21 9.21 15.96
21.29 9.03 16.08
21.19 9.03 16.16
21.25 9.00 16.17
21.15 9.12 16.11
21.12 9.25 16.03
21.04 9.11 16.17
21.10 10.34 16.11
20.96 10.47 16.22
20.90 10.35 16.28
20.94 10.22 16.26
20.89 10.52 16.24
20.75 10.57 16.20
20.79 10.49 16.27
20.76 10.43 16.31
21.05 10.24 15.90
21.02 10.19 16.12
20.99 10.04 16.02
20.93 10.12 16.25
20.89 10.17 16.31
20.77 10.25 16.34
20.87 10.09 16.36
20.81 10.14 16.37
20.72 10.16 16.41
20.78 10.10 16.43
20.70 10.14 16.44
20.90 9.94 16.27
20.92 9.92 16.09
20.92 9.96 16.16
20.92 9.88 16.12
20.82 10.01 16.48
20.74 10.05 16.49
20.65 10.05 16.57
20.59 9.88 16.58
20.86 9.96 16.43
20.78 9.92 16.46
20.80 9.87 16.40
20.70 9.76 16.47
20.61 9.77 16.56
20.57 9.82 16.62
20.53 9.65 16.63
20.90 9.82 16.24
20.85 9.58 16.29
20.71 9.57 16.49
20.62 9.54 16.53
20.69 9.47 16.48
20.75 9.52 16.43
20.79 9.45 16.35
20.67 10.12 16.53
20.56 9.94 16.64
20.55 9.85 16.65
20.48 9.91 16.69
20.45 9.83 16.70
20.41 9.93 16.67
20.26 9.98 16.63
20.20 9.86 16.70
21.24 10.01 15.67
21.13 10.00 15.74
21.24 9.85 15.74
21.21 9.76 15.73
21.07 9.88 15.81
21.06 9.79 15.71
20.98 9.77 15.73
20.98 9.81 15.79
20.94 9.81 15.89
20.94 9.71 15.76
21.13 9.73 15.65
21.19 9.69 15.68
21.12 9.69 15.59
21.17 9.62 15.63
21.10 9.62 15.58
21.05 9.74 15.65
21.06 9.66 15.61
21.14 9.53 15.63
21.07 9.55 15.61
20.96 9.59 15.74
20.94 9.64 15.99
20.90 9.56 16.13
20.88 9.27 16.30
20.88 9.45 16.10
20.93 9.27 16.18
20.93 9.50 15.89
20.94 9.55 15.82
20.95 9.45 15.83
20.99 9.33 15.99
20.95 9.38 15.87
20.92 9.43 15.93
21.09 9.41 15.67
21.08 9.39 15.67
21.01 9.46 15.73
20.98 9.40 15.77
21.03 9.32 15.81
21.01 9.34 15.71
21.04 9.31 15.73
21.36 8.89 16.24
21.31 8.80 16.38
21.29 8.95 16.29
21.24 8.86 16.42
21.41 8.77 16.24
21.46 8.66 16.10
21.24 8.65 16.39
21.18 8.51 16.44
21.21 8.78 16.42
21.13 8.80 16.39
21.13 8.80 16.39
21.19 8.75 16.41
21.11 8.72 16.34
21.17 8.68 16.39
21.10 8.69 16.34
21.07 8.63 16.38
21.41 8.56 16.23
21.40 8.46 16.22
21.38 8.51 16.28
21.37 8.40 16.25
21.27 8.40 16.34
21.18 9.00 16.27
21.08 9.02 16.22
21.09 8.90 16.36
21.02 8.92 16.34
20.91 9.15 16.28
20.95 8.97 16.35
20.91 9.06 16.30
20.88 9.00 16.36
20.82 8.93 16.51
20.79 8.95 16.68
20.96 8.82 16.44
21.06 8.82 16.36
21.06 8.71 16.35
21.03 8.74 16.38
20.92 8.75 16.51
20.94 8.65 16.48
20.89 8.87 16.46
20.85 8.95 16.41
20.79 9.01 16.45
20.73 8.90 16.87
20.77 8.80 16.91
20.70 8.84 16.92
20.80 8.84 16.83
20.83 8.71 16.81
20.74 8.74 16.95
20.67 8.77 16.94
20.79 8.33 16.81
20.90 8.23 16.90
20.83 8.26 16.89
20.72 8.65 16.94
20.77 8.59 16.88
20.68 8.56 16.90
20.68 8.52 16.86
20.64 8.67 16.93
20.79 8.50 16.75
20.75 8.44 16.78
20.67 8.45 16.78
20.59 8.51 16.84
20.64 8.37 16.75
20.55 8.44 16.79
20.52 8.38 16.83
21.09 8.34 16.57
21.29 8.30 16.35
21.22 8.35 16.37
21.26 8.25 16.40
21.19 8.28 16.40
21.22 7.98 16.51
21.13 8.00 16.56
21.11 7.91 16.55
21.04 8.00 16.59
20.84 8.51 16.65
20.85 8.43 16.69
20.84 8.43 16.70
20.69 8.30 16.78
20.58 8.39 16.73
20.64 8.36 16.75
20.56 8.39 16.74
20.54 8.33 16.77
20.61 8.28 16.73
20.54 8.33 16.77
20.65 9.33 16.54
20.54 9.46 16.65
20.80 9.30 16.44
20.74 9.18 16.53
20.84 9.18 16.44
20.81 9.08 16.41
20.71 8.99 16.74
20.61 9.12 16.64
20.50 9.31 16.71
20.57 9.23 16.62
20.54 9.16 16.64
20.41 9.06 16.71
20.39 9.11 16.77
20.70 9.09 16.59
20.76 9.01 16.54
20.64 9.17 16.59
20.58 9.04 16.66
20.55 8.98 16.68
20.51 9.07 16.63
20.48 8.99 16.65
20.47 8.99 16.65
20.38 9.68 16.72
20.46 9.44 16.72
20.41 9.51 16.71
20.28 9.67 16.78
20.21 9.70 16.78
20.27 9.57 16.77
20.42 9.33 16.73
20.34 9.15 16.79
20.29 9.24 16.74
20.24 9.28 16.76
20.17 9.57 16.86
20.14 9.44 16.94
20.20 9.45 16.85
20.29 9.43 16.73
20.18 9.27 16.86
20.24 9.10 16.96
20.25 9.13 16.85
20.27 9.05 16.91
20.19 9.01 17.10
20.30 8.81 17.04
20.28 8.91 17.02
20.25 8.95 17.05
20.25 8.87 17.08
20.10 8.94 17.24
20.27 8.75 17.07
20.19 8.71 17.10
20.17 8.83 17.12
20.12 8.77 17.14
20.66 8.92 16.86
20.63 8.86 16.89
20.59 8.93 16.80
20.48 8.86 16.76
20.45 8.78 16.78
20.34 9.05 16.80
20.45 8.95 16.68
20.44 8.93 16.69
20.37 8.97 16.69
20.33 8.92 16.79
20.30 8.89 16.90
20.40 8.84 16.74
20.38 8.81 16.76
20.49 8.70 16.84
20.30 8.81 16.86
20.30 8.77 16.97
20.29 8.70 17.01
20.27 8.67 16.94
20.27 8.66 17.04
20.27 8.60 16.98
20.53 8.60 16.87
20.46 8.61 16.82
20.50 8.50 16.85
20.47 8.42 16.86
20.40 8.45 16.85
20.42 8.71 16.79
20.40 8.64 16.77
20.39 8.61 16.77
20.35 8.74 16.78
20.32 8.76 16.80
20.33 8.64 16.77
20.31 8.64 16.77
20.26 8.64 16.87
20.26 8.56 16.91
20.26 8.56 16.90
20.36 8.53 16.77
20.33 8.47 16.82
20.29 8.57 16.78
20.27 8.59 16.80
20.27 8.52 16.85
22.10 9.35 15.13
22.17 9.31 14.97
22.18 9.25 15.00
22.16 9.28 15.08
22.13 9.36 15.02
22.32 9.45 14.34
22.28 9.44 14.45
22.33 9.30 14.43
22.32 9.31 14.44
22.35 9.36 14.37
22.40 9.30 14.33
22.39 9.24 14.37
22.58 8.77 14.64
22.35 8.99 14.51
22.37 8.85 14.54
22.34 8.89 14.58
21.98 9.43 15.08
21.82 9.45 15.07
21.74 9.96 14.87
21.83 9.81 14.85
21.76 9.88 14.90
21.77 9.69 14.94
21.58 9.74 15.19
21.59 9.62 15.16
21.72 9.57 15.01
21.71 9.57 15.01
21.67 9.69 15.02
21.75 9.47 15.04
21.68 9.51 15.05
21.67 9.51 15.05
22.16 9.71 14.30
22.30 9.58 14.20
22.19 9.72 14.17
22.21 9.63 14.32
22.20 9.63 14.37
22.18 9.97 13.40
22.20 9.98 13.30
22.20 9.98 13.30
22.25 9.89 13.36
22.08 9.99 13.39
22.13 10.01 13.29
22.23 9.89 13.45
22.26 9.81 13.40
22.22 9.88 13.48
22.15 9.94 13.51
22.04 9.91 13.55
22.21 9.67 13.94
22.09 9.80 13.95
22.16 9.79 13.78
22.06 9.84 13.75
22.29 9.57 13.81
22.31 9.50 13.59
22.22 9.73 13.72
22.25 9.60 13.71
22.26 9.59 13.54
22.24 9.64 13.59
22.16 10.02 13.17
22.19 10.02 13.03
22.22 9.93 13.06
22.21 9.97 13.13
22.24 9.92 13.24
22.26 9.80 13.22
22.21 10.07 12.80
22.23 9.96 12.95
22.26 9.97 12.67
22.25 9.87 12.82
22.22 9.81 13.04
22.27 9.74 12.96
22.24 9.75 12.80
22.29 9.60 12.98
22.31 9.71 13.28
22.30 9.55 13.28
22.38 9.36 13.57
22.32 9.49 13.41
22.27 9.62 13.15
22.27 9.53 13.11
22.28 9.48 13.23
22.36 9.38 13.11
22.37 9.41 13.00
22.35 9.50 12.95
22.36 9.29 13.34
22.40 9.31 13.18
22.44 9.13 13.25
22.97 8.48 14.43
22.94 8.53 14.49
22.74 8.65 14.43
22.80 8.60 14.49
22.77 8.67 14.33
22.83 8.63 14.39
22.89 8.55 14.31
22.78 8.64 14.26
22.83 8.53 14.22
22.71 8.71 14.31
22.65 8.83 14.24
22.60 8.74 14.48
22.62 8.75 14.38
22.67 8.79 14.19
22.63 8.81 14.07
22.69 8.70 14.23
22.71 8.68 14.24
22.65 8.67 14.15
22.63 8.64 14.08
22.69 8.60 14.19
22.72 8.39 14.06
22.78 8.37 14.14
22.60 8.76 13.92
22.59 8.63 13.91
22.63 8.55 13.95
22.60 8.53 13.87
22.62 8.41 13.85
22.57 8.35 13.71
22.52 8.33 13.63
22.44 9.32 14.23
22.46 9.27 14.17
22.50 9.15 14.15
22.46 9.20 14.21
22.49 9.29 13.97
22.47 9.21 13.75
22.51 9.18 14.04
22.55 9.01 13.96
22.51 9.05 13.84
22.42 9.44 14.07
22.42 9.43 14.17
22.39 9.47 13.94
22.39 9.48 13.95
22.27 9.62 13.97
22.45 9.35 13.85
22.45 9.38 13.92
22.40 9.46 13.88
22.40 9.39 13.73
22.47 8.91 14.38
22.53 8.91 14.28
22.45 8.82 14.52
22.60 8.92 14.00
22.43 9.26 13.63
22.43 9.10 13.45
22.50 9.02 13.77
22.44 9.03 13.58
22.45 8.96 13.63
22.43 8.99 13.34
22.42 8.96 13.44
22.43 8.95 13.27
